contains_categorical: postprocessed
dummy_loss: 11.15636890615531
dummy_metadata:
  auc: 0.5
  zo_loss: 0.30952380952380953
metadata:
  n_epochs: 118
  test:
    auc: 0.6256233421750663
    zo_loss: 0.2571428571428571
  val:
    auc: 0.6484658989806554
    zo_loss: 0.2785714285714286
model_name: JOPLEn
params:
  SquaredFNorm_lam: 0.0005821797723813086
  cell_model: CellModel.linear
  loss_fn: LogisticLoss
  max_iters: 100000
  mu: 6.034678162337899
  n_cells: 4
  n_partitions: 56
  partitioner: LinearForestPartition
  random_state: 0
  verbose: false
test_score: 0.5826409504152619
train_time: 0.4084665775299072
val_score: 0.5866535373321463
