contains_categorical: false
dummy_loss: 21.626192033470293
dummy_metadata:
  auc: 0.5
  zo_loss: 0.6
metadata:
  n_epochs: 123
  test:
    auc: 1.0
    zo_loss: 0.0
  val:
    auc: 0.88
    zo_loss: 0.19999999999999996
model_name: JOPLEn
params:
  SquaredFNorm_lam: 197.67734645235157
  SquaredLaplacian_lam: 0.00012615773064491293
  SquaredLaplacian_laplacian_type: LaplacianType.STANDARD
  SquaredLaplacian_sigma: 11.117307976922326
  cell_model: CellModel.linear
  loss_fn: LogisticLoss
  max_iters: 100000
  mu: 7.69488831854132
  n_cells: 12
  n_partitions: 67
  partitioner: GBPartition
  random_state: 0
  verbose: false
test_score: 0.14454397693377846
train_time: 0.49955320358276367
val_score: 0.44240269771446883
