contains_categorical: postprocessed
dummy_loss: 10.813096016735146
dummy_metadata:
  auc: 0.5
  zo_loss: 0.30000000000000004
metadata:
  n_epochs: 120
  test:
    auc: 0.549047619047619
    zo_loss: 0.31000000000000005
  val:
    auc: 0.6861904761904762
    zo_loss: 0.265
model_name: JOPLEn
params:
  GroupInf1Norm_lam: 1000.0
  cell_model: CellModel.linear
  loss_fn: LogisticLoss
  max_iters: 100000
  mu: 7.788900684357332
  n_cells: 14
  n_partitions: 38
  partitioner: VPartition
  random_state: 0
  verbose: false
test_score: 0.6519678034998596
train_time: 0.6312153339385986
val_score: 0.5658981699957892
