contains_categorical: postprocessed
dummy_loss: 10.813096016735146
dummy_metadata:
  auc: 0.5
  zo_loss: 0.30000000000000004
metadata:
  n_epochs: 132
  test:
    auc: 0.6666666666666667
    zo_loss: 0.4
  val:
    auc: 0.8933333333333333
    zo_loss: 0.19999999999999996
model_name: JOPLEn
params:
  GroupInf1Norm_lam: 44.229230688292645
  cell_model: CellModel.linear
  loss_fn: LogisticLoss
  max_iters: 100000
  mu: 7.330418719447708
  n_cells: 2
  n_partitions: 251
  partitioner: VPartition
  random_state: 0
  verbose: false
test_score: 0.5695941743535267
train_time: 0.4853222370147705
val_score: 0.34043389857600015
