contains_categorical: postprocessed
dummy_loss: 13.730915576806535
dummy_metadata:
  auc: 0.5
  zo_loss: 0.38095238095238093
metadata:
  n_epochs: 3142
  test:
    auc: 0.9519230769230769
    zo_loss: 0.09523809523809523
  val:
    auc: 1.0
    zo_loss: 0.0
model_name: JOPLEn
params:
  GroupInf1Norm_lam: 1.0e-05
  cell_model: CellModel.linear
  loss_fn: LogisticLoss
  max_iters: 100000
  mu: 2.996534551088039
  n_cells: 15
  n_partitions: 43
  partitioner: RFPartition
  random_state: 0
  verbose: false
test_score: 0.7196102960910308
train_time: 9.598728895187378
val_score: 0.02936539047413131
