contains_categorical: postprocessed
dummy_loss: 13.730915576806535
dummy_metadata:
  auc: 0.5
  zo_loss: 0.38095238095238093
metadata:
  n_epochs: 136
  test:
    auc: 0.903846153846154
    zo_loss: 0.19047619047619047
  val:
    auc: 1.0
    zo_loss: 0.0
model_name: JOPLEn
params:
  SquaredFNorm_lam: 0.000484117349804197
  SquaredLaplacian_lam: 0.000377731092631772
  SquaredLaplacian_laplacian_type: LaplacianType.NORMALIZED
  SquaredLaplacian_sigma: 0.023908883853462456
  cell_model: CellModel.constant
  loss_fn: LogisticLoss
  max_iters: 100000
  mu: 2.3970163144097905
  n_cells: 24
  n_partitions: 187
  partitioner: GBPartition
  random_state: 0
  verbose: false
test_score: 1.5488689508155093
train_time: 0.5364470481872559
val_score: 0.005485046392517362
