contains_categorical: postprocessed
dummy_loss: 10.813096016735146
dummy_metadata:
  auc: 0.5
  zo_loss: 0.30000000000000004
metadata:
  n_epochs: 162
  test:
    auc: 0.5928571428571429
    zo_loss: 0.37
  val:
    auc: 0.7410714285714286
    zo_loss: 0.24
model_name: JOPLEn
params:
  SquaredFNorm_lam: 9.419950992751206e-05
  cell_model: CellModel.constant
  loss_fn: LogisticLoss
  max_iters: 100000
  mu: 6.487343559810392
  n_cells: 2
  n_partitions: 1000
  partitioner: RFPartition
  random_state: 0
  verbose: false
test_score: 0.6235677595080911
train_time: 1.586782455444336
val_score: 0.5288557275401929
