contains_categorical: false
dummy_loss: 18.021826694558573
dummy_metadata:
  auc: 0.5
  zo_loss: 0.5
metadata:
  n_epochs: 207
  test:
    auc: 0.5565708142972319
    zo_loss: 0.4180327868852459
  val:
    auc: 0.49986339730892704
    zo_loss: 0.47933884297520657
model_name: JOPLEn
params:
  L1Norm_lam: 1.0e-05
  cell_model: CellModel.constant
  loss_fn: LogisticLoss
  max_iters: 100000
  mu: 1.0e-05
  n_cells: 2
  n_partitions: 1000
  partitioner: LinearForestPartition
  random_state: 0
  verbose: false
test_score: 0.6892236951029163
train_time: 6.278421640396118
val_score: 0.6927297576535102
