contains_categorical: postprocessed
dummy_loss: 11.185961396622565
dummy_metadata:
  auc: 0.5
  zo_loss: 0.31034482758620685
metadata:
  n_epochs: 118
  test:
    auc: 0.5888888888888889
    zo_loss: 0.31034482758620685
  val:
    auc: 0.5846484935437589
    zo_loss: 0.2931034482758621
model_name: JOPLEn
params:
  SquaredFNorm_lam: 0.0021235414941453206
  SquaredLaplacian_lam: 1.0e-05
  SquaredLaplacian_laplacian_type: LaplacianType.LEFT_NORMALIZED
  SquaredLaplacian_sigma: 55.91907773541154
  cell_model: CellModel.constant
  loss_fn: LogisticLoss
  max_iters: 100000
  mu: 8.731567810084524
  n_cells: 2
  n_partitions: 270
  partitioner: VPartition
  random_state: 0
  verbose: false
test_score: 0.5985884691955434
train_time: 0.5139696598052979
val_score: 0.5979385136938704
