contains_categorical: postprocessed
dummy_loss: 16.19352543569032
dummy_metadata:
  auc: 0.5
  zo_loss: 0.4492753623188406
metadata:
  n_epochs: 111
  test:
    auc: 0.8166383701188454
    zo_loss: 0.21739130434782605
  val:
    auc: 0.8669363423461784
    zo_loss: 0.17391304347826086
model_name: JOPLEn
params:
  Group21Norm_lam: 1000.0
  cell_model: CellModel.linear
  loss_fn: LogisticLoss
  max_iters: 100000
  mu: 8.407123471443866
  n_cells: 27
  n_partitions: 171
  partitioner: VPartition
  random_state: 0
  verbose: false
test_score: 0.5325151802865835
train_time: 0.3934919834136963
val_score: 0.43135333340129717
