contains_categorical: false
dummy_loss: 13.27924072230632
dummy_metadata:
  auc: 0.5
  zo_loss: 0.368421052631579
metadata:
  n_epochs: 106
  test:
    auc: 0.9788359788359787
    zo_loss: 0.052631578947368474
  val:
    auc: 0.9993449066491975
    zo_loss: 0.01754385964912286
model_name: JOPLEn
params:
  SquaredFNorm_lam: 0.0027337531286757357
  cell_model: CellModel.linear
  loss_fn: LogisticLoss
  max_iters: 100000
  mu: 1.0
  n_cells: 29
  n_partitions: 46
  partitioner: VPartition
  random_state: 0
  verbose: false
test_score: 0.25946157042626183
train_time: 0.46991682052612305
val_score: 0.04303351173012305
