contains_categorical: false
dummy_loss: 16.019401506274292
dummy_metadata:
  auc: 0.5
  zo_loss: 0.4444444444444444
metadata:
  n_epochs: 113
  test:
    auc: 0.7
    zo_loss: 0.33333333333333337
  val:
    auc: 0.935064935064935
    zo_loss: 0.16666666666666663
model_name: JOPLEn
params:
  SquaredFNorm_lam: 0.0018859678004470358
  SquaredLaplacian_lam: 2.606966147000174e-05
  SquaredLaplacian_laplacian_type: LaplacianType.LEFT_NORMALIZED
  SquaredLaplacian_sigma: 17.857789020413012
  cell_model: CellModel.constant
  loss_fn: LogisticLoss
  max_iters: 100000
  mu: 8.642347174300347
  n_cells: 2
  n_partitions: 417
  partitioner: VPartition
  random_state: 0
  verbose: false
test_score: 0.5482664556074226
train_time: 0.8562462329864502
val_score: 0.41125554923259505
