contains_categorical: postprocessed
dummy_loss: 16.19352543569032
dummy_metadata:
  auc: 0.5
  zo_loss: 0.4492753623188406
metadata:
  n_epochs: 187
  test:
    auc: 0.8972835314091682
    zo_loss: 0.17391304347826086
  val:
    auc: 0.821588247817756
    zo_loss: 0.2681159420289855
model_name: JOPLEn
params:
  GroupInf1Norm_lam: 0.021955167043809825
  cell_model: CellModel.linear
  loss_fn: LogisticLoss
  max_iters: 100000
  mu: 1.0
  n_cells: 2
  n_partitions: 766
  partitioner: VPartition
  random_state: 0
  verbose: false
test_score: 0.3852145212834342
train_time: 0.9280064105987549
val_score: 0.5014068686109681
