contains_categorical: false
dummy_loss: 13.279240722306321
dummy_metadata:
  auc: 0.5
  zo_loss: 0.368421052631579
metadata:
  n_epochs: 284
  test:
    auc: 0.9920634920634921
    zo_loss: 0.052631578947368474
  val:
    auc: 0.9862430396331476
    zo_loss: 0.03508771929824561
model_name: JOPLEn
params:
  L1Norm_lam: 0.00822066711863839
  cell_model: CellModel.constant
  loss_fn: LogisticLoss
  max_iters: 100000
  mu: 1.0289559313189598
  n_cells: 18
  n_partitions: 114
  partitioner: RFPartition
  random_state: 0
  verbose: false
test_score: 0.11678242304512748
train_time: 0.8324065208435059
val_score: 0.13130145396517365
