contains_categorical: postprocessed
dummy_loss: 13.63813912020649
dummy_metadata:
  auc: 0.5
  zo_loss: 0.3783783783783784
metadata:
  n_epochs: 115
  test:
    auc: 0.6335403726708075
    zo_loss: 0.3513513513513513
  val:
    auc: 0.6958234830575256
    zo_loss: 0.3783783783783784
model_name: JOPLEn
params:
  SquaredFNorm_lam: 0.5050637813849459
  cell_model: CellModel.linear
  loss_fn: LogisticLoss
  max_iters: 100000
  mu: 2.770530653766689
  n_cells: 3
  n_partitions: 663
  partitioner: GBPartition
  random_state: 0
  verbose: false
test_score: 0.6471946660777818
train_time: 0.6436629295349121
val_score: 0.6055937112835965
