contains_categorical: postprocessed
dummy_loss: 13.63813912020649
dummy_metadata:
  auc: 0.5
  zo_loss: 0.3783783783783784
metadata:
  n_epochs: 184
  test:
    auc: 0.7515527950310559
    zo_loss: 0.2432432432432432
  val:
    auc: 0.7084318360914106
    zo_loss: 0.3513513513513513
model_name: JOPLEn
params:
  GroupInf1Norm_lam: 1.0951406931917937
  cell_model: CellModel.linear
  loss_fn: LogisticLoss
  max_iters: 100000
  mu: 5.868857279367832
  n_cells: 2
  n_partitions: 885
  partitioner: RFPartition
  random_state: 0
  verbose: false
test_score: 0.5350049708061797
train_time: 1.2045574188232422
val_score: 0.6003383660227919
