contains_categorical: postprocessed
dummy_loss: 12.014551129705717
dummy_metadata:
  auc: 0.5
  zo_loss: 0.33333333333333337
metadata:
  n_epochs: 125
  test:
    auc: 0.921875
    zo_loss: 0.16666666666666663
  val:
    auc: 1.0
    zo_loss: 0.04166666666666663
model_name: JOPLEn
params:
  GroupInf1Norm_lam: 2.028608439639825
  cell_model: CellModel.linear
  loss_fn: LogisticLoss
  max_iters: 100000
  mu: 1.0
  n_cells: 25
  n_partitions: 1000
  partitioner: VPartition
  random_state: 0
  verbose: false
test_score: 0.3085108579351059
train_time: 0.8661849498748779
val_score: 0.12542037601041456
