contains_categorical: postprocessed
dummy_loss: 12.014551129705717
dummy_metadata:
  auc: 0.5
  zo_loss: 0.33333333333333337
metadata:
  n_epochs: 106
  test:
    auc: 1.0
    zo_loss: 0.16666666666666663
  val:
    auc: 1.0
    zo_loss: 0.0
model_name: JOPLEn
params:
  Group21Norm_lam: 1000.0
  cell_model: CellModel.linear
  loss_fn: LogisticLoss
  max_iters: 100000
  mu: 7.167268535596808
  n_cells: 12
  n_partitions: 200
  partitioner: VPartition
  random_state: 0
  verbose: false
test_score: 0.2713238798345047
train_time: 0.41878676414489746
val_score: 0.0035193319542920526
