contains_categorical: postprocessed
dummy_loss: 13.63813912020649
dummy_metadata:
  auc: 0.5
  zo_loss: 0.3783783783783784
metadata:
  test:
    auc: 0.6940993788819876
    zo_loss: 0.2432432432432432
  val:
    auc: 0.7285263987391647
    zo_loss: 0.28378378378378377
model_name: XGBClassifier
params:
  early_stopping_rounds: 24
  learning_rate: 0.4092047025536467
  max_leaves: 22
  n_estimators: 68
  objective: reg:logistic
  random_state: 0
  reg_alpha: 0.6470916927758095
  reg_lambda: 10.0
  verbosity: 0
test_score: 0.5826695903234799
train_time: 0.2937924861907959
val_score: 0.5873900188553994
