contains_categorical: postprocessed
dummy_loss: 6.007275564852859
dummy_metadata:
  auc: 0.5
  zo_loss: 0.16666666666666663
metadata:
  n_epochs: 219
  test:
    auc: 0.5777777777777777
    zo_loss: 0.16666666666666663
  val:
    auc: 0.45806451612903226
    zo_loss: 0.13888888888888884
model_name: JOPLEn
params:
  SquaredFNorm_lam: 1.0e-05
  cell_model: CellModel.constant
  loss_fn: LogisticLoss
  max_iters: 100000
  mu: 1.0e-05
  n_cells: 2
  n_partitions: 752
  partitioner: GBPartition
  random_state: 0
  verbose: false
test_score: 0.4470827911030572
train_time: 0.8272140026092529
val_score: 0.4072585150465252
