contains_categorical: false
dummy_loss: 16.019401506274292
dummy_metadata:
  auc: 0.5
  zo_loss: 0.4444444444444444
metadata:
  n_epochs: 112
  test:
    auc: 0.6
    zo_loss: 0.2222222222222222
  val:
    auc: 0.8766233766233766
    zo_loss: 0.2222222222222222
model_name: JOPLEn
params:
  SquaredFNorm_lam: 5.674717759294816e-05
  SquaredLaplacian_lam: 0.0508465023445223
  SquaredLaplacian_laplacian_type: LaplacianType.STANDARD
  SquaredLaplacian_sigma: 1000.0
  cell_model: CellModel.constant
  loss_fn: LogisticLoss
  max_iters: 100000
  mu: 2.4164833052204164
  n_cells: 2
  n_partitions: 853
  partitioner: LinearForestPartition
  random_state: 0
  verbose: false
test_score: 0.6471373469997306
train_time: 0.841071367263794
val_score: 0.39986011593439436
