contains_categorical: postprocessed
dummy_loss: 16.277778949923874
dummy_metadata:
  auc: 0.5
  zo_loss: 0.4516129032258065
metadata:
  n_epochs: 124
  test:
    auc: 0.7142857142857143
    zo_loss: 0.3548387096774194
  val:
    auc: 0.8041125541125541
    zo_loss: 0.24590163934426235
model_name: JOPLEn
params:
  SquaredFNorm_lam: 0.013089836659190154
  cell_model: CellModel.constant
  loss_fn: LogisticLoss
  max_iters: 100000
  mu: 6.954548138626022
  n_cells: 2
  n_partitions: 1000
  partitioner: VPartition
  random_state: 0
  verbose: false
test_score: 0.6192592994602248
train_time: 0.7553403377532959
val_score: 0.5327509820437231
