contains_categorical: false
dummy_loss: 16.019401506274292
dummy_metadata:
  auc: 0.5
  zo_loss: 0.4444444444444444
metadata:
  n_epochs: 4610
  test:
    auc: 0.55
    zo_loss: 0.33333333333333337
  val:
    auc: 0.8636363636363635
    zo_loss: 0.16666666666666663
model_name: JOPLEn
params:
  L1Norm_lam: 0.014492338053014121
  cell_model: CellModel.constant
  loss_fn: LogisticLoss
  max_iters: 100000
  mu: 1.0e-05
  n_cells: 2
  n_partitions: 19
  partitioner: RFPartition
  random_state: 0
  verbose: false
test_score: 0.6611175664834358
train_time: 12.62593698501587
val_score: 0.40256926865508186
