contains_categorical: false
dummy_loss: 12.638683655924195
dummy_metadata:
  auc: 0.5
  zo_loss: 0.35064935064935066
metadata:
  n_epochs: 1354
  test:
    auc: 0.8770370370370371
    zo_loss: 0.23376623376623373
  val:
    auc: 0.8577777777777778
    zo_loss: 0.24025974025974028
model_name: JOPLEn
params:
  L1Norm_lam: 0.00023144803713065558
  cell_model: CellModel.constant
  loss_fn: LogisticLoss
  max_iters: 100000
  mu: 1.0e-05
  n_cells: 15
  n_partitions: 202
  partitioner: VPartition
  random_state: 0
  verbose: false
test_score: 0.43518071892216487
train_time: 3.5603671073913574
val_score: 0.4434618124751982
