contains_categorical: postprocessed
dummy_loss: 13.730915576806535
dummy_metadata:
  auc: 0.5
  zo_loss: 0.38095238095238093
metadata:
  n_epochs: 118
  test:
    auc: 0.9038461538461539
    zo_loss: 0.19047619047619047
  val:
    auc: 0.9975308641975309
    zo_loss: 0.023809523809523836
model_name: JOPLEn
params:
  Group21Norm_lam: 7.1563674368201164
  cell_model: CellModel.linear
  loss_fn: LogisticLoss
  max_iters: 100000
  mu: 10.0
  n_cells: 7
  n_partitions: 63
  partitioner: RFPartition
  random_state: 0
  verbose: false
test_score: 0.5224545605779337
train_time: 0.3542811870574951
val_score: 0.054103760788722935
