contains_categorical: postprocessed
dummy_loss: 13.63813912020649
dummy_metadata:
  auc: 0.5
  zo_loss: 0.3783783783783784
metadata:
  n_epochs: 171
  test:
    auc: 0.7360248447204969
    zo_loss: 0.2702702702702703
  val:
    auc: 0.6993695823483058
    zo_loss: 0.33783783783783783
model_name: JOPLEn
params:
  SquaredFNorm_lam: 0.002332282570502574
  cell_model: CellModel.constant
  loss_fn: LogisticLoss
  max_iters: 100000
  mu: 3.4063841800570116
  n_cells: 2
  n_partitions: 105
  partitioner: RFPartition
  random_state: 0
  verbose: false
test_score: 0.5764506645048767
train_time: 0.5393867492675781
val_score: 0.603805255917152
