contains_categorical: postprocessed
dummy_loss: 16.277778949923878
dummy_metadata:
  auc: 0.5
  zo_loss: 0.4516129032258065
metadata:
  n_epochs: 109
  test:
    auc: 0.8235294117647058
    zo_loss: 0.25806451612903225
  val:
    auc: 0.8214285714285714
    zo_loss: 0.2786885245901639
model_name: JOPLEn
params:
  SquaredFNorm_lam: 0.007722732180119731
  cell_model: CellModel.linear
  loss_fn: LogisticLoss
  max_iters: 100000
  mu: 2.113253660143127
  n_cells: 32
  n_partitions: 186
  partitioner: GBPartition
  random_state: 0
  verbose: false
test_score: 0.4949996015242689
train_time: 0.3965303897857666
val_score: 0.5037518949754523
