contains_categorical: postprocessed
dummy_loss: 2.669900251045715
dummy_metadata:
  auc: 0.5
  zo_loss: 0.07407407407407407
metadata:
  n_epochs: 118
  test:
    auc: 0.9700000000000001
    zo_loss: 0.03703703703703709
  val:
    auc: 1.0
    zo_loss: 0.0
model_name: JOPLEn
params:
  SquaredFNorm_lam: 6.816919736238718e-05
  cell_model: CellModel.constant
  loss_fn: LogisticLoss
  max_iters: 100000
  mu: 4.676128364067847
  n_cells: 13
  n_partitions: 529
  partitioner: VPartition
  random_state: 0
  verbose: false
test_score: 0.5904591243917875
train_time: 0.5653491020202637
val_score: 0.00019096197486303526
