contains_categorical: postprocessed
dummy_loss: 16.19352543569032
dummy_metadata:
  auc: 0.5
  zo_loss: 0.4492753623188406
metadata:
  n_epochs: 139
  test:
    auc: 0.8913412563667232
    zo_loss: 0.13043478260869568
  val:
    auc: 0.8777943368107303
    zo_loss: 0.16666666666666663
model_name: JOPLEn
params:
  SquaredFNorm_lam: 0.9399919559256943
  cell_model: CellModel.linear
  loss_fn: LogisticLoss
  max_iters: 100000
  mu: 7.76550979960467
  n_cells: 2
  n_partitions: 393
  partitioner: GBPartition
  random_state: 0
  verbose: false
test_score: 0.3607853562981506
train_time: 0.653334379196167
val_score: 0.42508626649983355
