contains_categorical: false
dummy_loss: 12.638683655924195
dummy_metadata:
  auc: 0.5
  zo_loss: 0.35064935064935066
metadata:
  n_epochs: 599
  test:
    auc: 0.835925925925926
    zo_loss: 0.20779220779220775
  val:
    auc: 0.8113888888888889
    zo_loss: 0.2142857142857143
model_name: JOPLEn
params:
  Group21Norm_lam: 1000.0
  SquaredFNorm_lam: 1000.0
  cell_model: CellModel.linear
  loss_fn: LogisticLoss
  max_iters: 100000
  n_cells: 8
  n_partitions: 13
  partitioner: LinearForestPartition
  random_state: 0
  verbose: false
test_score: 0.46792325391292555
train_time: 1.85447096824646
val_score: 0.4940252704047897
