contains_categorical: false
dummy_loss: 12.638683655924195
dummy_metadata:
  auc: 0.5
  zo_loss: 0.35064935064935066
metadata:
  n_epochs: 212
  test:
    auc: 0.8725925925925926
    zo_loss: 0.18181818181818177
  val:
    auc: 0.8711111111111112
    zo_loss: 0.20779220779220775
model_name: JOPLEn
params:
  SquaredFNorm_lam: 121.07344391620609
  SquaredLaplacian_lam: 0.0002625895929713603
  SquaredLaplacian_laplacian_type: LaplacianType.LEFT_NORMALIZED
  SquaredLaplacian_sigma: 0.37141611884830045
  cell_model: CellModel.linear
  loss_fn: LogisticLoss
  max_iters: 100000
  mu: 5.20603763557629
  n_cells: 8
  n_partitions: 57
  partitioner: RFPartition
  random_state: 0
  verbose: false
test_score: 0.4229289140359119
train_time: 0.754774808883667
val_score: 0.42486959849093525
