contains_categorical: postprocessed
dummy_loss: 12.014551129705717
dummy_metadata:
  auc: 0.5
  zo_loss: 0.33333333333333337
metadata:
  n_epochs: 158
  test:
    auc: 1.0
    zo_loss: 0.16666666666666663
  val:
    auc: 1.0
    zo_loss: 0.08333333333333337
model_name: JOPLEn
params:
  SquaredFNorm_lam: 0.00028124768865001216
  SquaredLaplacian_lam: 0.0001021163168036211
  SquaredLaplacian_laplacian_type: LaplacianType.LEFT_NORMALIZED
  SquaredLaplacian_sigma: 1.4717442703511743
  cell_model: CellModel.constant
  loss_fn: LogisticLoss
  max_iters: 100000
  mu: 8.222140280648958
  n_cells: 2
  n_partitions: 399
  partitioner: LinearForestPartition
  random_state: 0
  verbose: false
test_score: 0.18521196083561475
train_time: 0.7237849235534668
val_score: 0.1825388265433986
