contains_categorical: false
dummy_loss: 12.638683655924195
dummy_metadata:
  auc: 0.5
  zo_loss: 0.35064935064935066
metadata:
  n_epochs: 128
  test:
    auc: 0.8725925925925926
    zo_loss: 0.22077922077922074
  val:
    auc: 0.8383333333333334
    zo_loss: 0.22077922077922074
model_name: JOPLEn
params:
  GroupInf1Norm_lam: 2.1932809898649963
  cell_model: CellModel.linear
  loss_fn: LogisticLoss
  max_iters: 100000
  mu: 6.017304460225483
  n_cells: 2
  n_partitions: 433
  partitioner: RFPartition
  random_state: 0
  verbose: false
test_score: 0.4198689306038101
train_time: 0.7351136207580566
val_score: 0.47301163200639984
