contains_categorical: postprocessed
dummy_loss: 13.01576372384786
dummy_metadata:
  auc: 0.5
  zo_loss: 0.36111111111111116
metadata:
  n_epochs: 384
  test:
    auc: 0.9431438127090301
    zo_loss: 0.2222222222222222
  val:
    auc: 0.9786666666666667
    zo_loss: 0.042857142857142816
model_name: JOPLEn
params:
  GroupInf1Norm_lam: 1.0e-05
  SquaredFNorm_lam: 1000.0
  cell_model: CellModel.linear
  loss_fn: LogisticLoss
  max_iters: 100000
  n_cells: 32
  n_partitions: 144
  partitioner: LinearForestPartition
  random_state: 0
  verbose: false
test_score: 0.3693834919452751
train_time: 1.5155811309814453
val_score: 0.13858062446671862
