contains_categorical: postprocessed
dummy_loss: 12.014551129705717
dummy_metadata:
  auc: 0.5
  zo_loss: 0.33333333333333337
metadata:
  test:
    auc: 0.828125
    zo_loss: 0.16666666666666663
  val:
    auc: 0.9375
    zo_loss: 0.16666666666666663
model_name: ExtraTreesClassifier
params:
  criterion: log_loss
  max_depth: 5
  max_features: 1
  max_leaf_nodes: 22
  n_estimators: 56
  random_state: 0
test_score: 0.4061918226125425
train_time: 0.04119729995727539
val_score: 0.3799310912613838
