contains_categorical: postprocessed
dummy_loss: 10.813096016735146
dummy_metadata:
  auc: 0.5
  zo_loss: 0.30000000000000004
metadata:
  n_epochs: 143
  test:
    auc: 0.6047619047619047
    zo_loss: 0.33999999999999997
  val:
    auc: 0.6914285714285714
    zo_loss: 0.30000000000000004
model_name: JOPLEn
params:
  SquaredFNorm_lam: 0.01478975178346569
  SquaredLaplacian_lam: 0.0010852957402387186
  SquaredLaplacian_laplacian_type: LaplacianType.LEFT_NORMALIZED
  SquaredLaplacian_sigma: 4.839089916079009
  cell_model: CellModel.constant
  loss_fn: LogisticLoss
  max_iters: 100000
  mu: 9.151301724435747
  n_cells: 10
  n_partitions: 656
  partitioner: GBPartition
  random_state: 0
  verbose: false
test_score: 0.641606046968731
train_time: 1.5065855979919434
val_score: 0.5629798088774058
