contains_categorical: false
dummy_loss: 17.826996135698483
dummy_metadata:
  auc: 0.5
  zo_loss: 0.49459459459459465
metadata:
  n_epochs: 5571
  test:
    auc: 0.9963984103328366
    zo_loss: 0.024324324324324298
  val:
    auc: 0.9972513002830996
    zo_loss: 0.02772143340094657
model_name: JOPLEn
params:
  Group21Norm_lam: 1000.0
  cell_model: CellModel.linear
  loss_fn: LogisticLoss
  max_iters: 100000
  mu: 1.0e-05
  n_cells: 17
  n_partitions: 1000
  partitioner: VPartition
  random_state: 0
  verbose: false
test_score: 0.0725775016909621
train_time: 142.53838276863098
val_score: 0.06545865709466937
