contains_categorical: false
dummy_loss: 12.638683655924195
dummy_metadata:
  auc: 0.5
  zo_loss: 0.35064935064935066
metadata:
  n_epochs: 194
  test:
    auc: 0.874074074074074
    zo_loss: 0.18181818181818177
  val:
    auc: 0.8522222222222222
    zo_loss: 0.2012987012987013
model_name: JOPLEn
params:
  SquaredFNorm_lam: 1.0e-05
  cell_model: CellModel.linear
  loss_fn: LogisticLoss
  max_iters: 100000
  mu: 1.0e-05
  n_cells: 2
  n_partitions: 1000
  partitioner: LinearForestPartition
  random_state: 0
  verbose: false
test_score: 0.4463961172673915
train_time: 1.4700145721435547
val_score: 0.4500968556493658
