contains_categorical: false
dummy_loss: 18.74269976234092
dummy_metadata:
  auc: 0.5
  zo_loss: 0.52
metadata:
  n_epochs: 115
  test:
    auc: 0.9487179487179487
    zo_loss: 0.19999999999999996
  val:
    auc: 0.9648000000000001
    zo_loss: 0.07999999999999996
model_name: JOPLEn
params:
  GroupInf1Norm_lam: 1000.0
  cell_model: CellModel.linear
  loss_fn: LogisticLoss
  max_iters: 100000
  mu: 1.0
  n_cells: 24
  n_partitions: 386
  partitioner: VPartition
  random_state: 0
  verbose: false
test_score: 0.8313767003812838
train_time: 0.5235733985900879
val_score: 0.22509264765646317
