contains_categorical: postprocessed
dummy_loss: 13.63813912020649
dummy_metadata:
  auc: 0.5
  zo_loss: 0.3783783783783784
metadata:
  n_epochs: 485
  test:
    auc: 0.7329192546583851
    zo_loss: 0.2702702702702703
  val:
    auc: 0.6847911741528763
    zo_loss: 0.32432432432432434
model_name: JOPLEn
params:
  SquaredFNorm_lam: 177.37255918787088
  cell_model: CellModel.linear
  loss_fn: LogisticLoss
  max_iters: 100000
  mu: 4.157443268183276
  n_cells: 2
  n_partitions: 10
  partitioner: LinearForestPartition
  random_state: 0
  verbose: false
test_score: 0.5903232599916979
train_time: 1.3429615497589111
val_score: 0.6045184116811796
