contains_categorical: postprocessed
dummy_loss: 2.669900251045715
dummy_metadata:
  auc: 0.5
  zo_loss: 0.07407407407407407
metadata:
  n_epochs: 119
  test:
    auc: 0.96
    zo_loss: 0.07407407407407407
  val:
    auc: 1.0
    zo_loss: 0.0
model_name: JOPLEn
params:
  SquaredFNorm_lam: 1.0e-05
  cell_model: CellModel.constant
  loss_fn: LogisticLoss
  max_iters: 100000
  mu: 4.4108846170312965
  n_cells: 4
  n_partitions: 52
  partitioner: LinearForestPartition
  random_state: 0
  verbose: false
test_score: 1.180917537941057
train_time: 0.34803056716918945
val_score: 1.3619490969036807e-06
