contains_categorical: false
dummy_loss: 10.2981866826049
dummy_metadata:
  auc: 0.5
  zo_loss: 0.2857142857142857
metadata:
  n_epochs: 1711
  test:
    auc: 0.92
    zo_loss: 0.1428571428571429
  val:
    auc: 0.9721362229102167
    zo_loss: 0.11428571428571432
model_name: JOPLEn
params:
  SquaredFNorm_lam: 1000.0
  cell_model: CellModel.linear
  loss_fn: LogisticLoss
  max_iters: 100000
  mu: 1.0e-05
  n_cells: 18
  n_partitions: 464
  partitioner: RFPartition
  random_state: 0
  verbose: false
test_score: 0.39251243424306215
train_time: 4.74546217918396
val_score: 0.20141171755430734
