contains_categorical: false
dummy_loss: 12.638683655924195
dummy_metadata:
  auc: 0.5
  zo_loss: 0.35064935064935066
metadata:
  n_epochs: 239
  test:
    auc: 0.8451851851851852
    zo_loss: 0.22077922077922074
  val:
    auc: 0.8101851851851852
    zo_loss: 0.2532467532467533
model_name: JOPLEn
params:
  SquaredFNorm_lam: 245.62994171314702
  SquaredLaplacian_lam: 7.164973594141757e-05
  SquaredLaplacian_laplacian_type: LaplacianType.LEFT_NORMALIZED
  SquaredLaplacian_sigma: 0.07163265109825162
  cell_model: CellModel.linear
  loss_fn: LogisticLoss
  max_iters: 100000
  mu: 4.978906333951204
  n_cells: 12
  n_partitions: 12
  partitioner: RFPartition
  random_state: 0
  verbose: false
test_score: 0.4724333965640064
train_time: 0.782848596572876
val_score: 0.5068823122216984
