contains_categorical: postprocessed
dummy_loss: 13.63813912020649
dummy_metadata:
  auc: 0.5
  zo_loss: 0.3783783783783784
metadata:
  n_epochs: 113
  test:
    auc: 0.701863354037267
    zo_loss: 0.29729729729729726
  val:
    auc: 0.6910953506698188
    zo_loss: 0.31081081081081086
model_name: JOPLEn
params:
  SquaredFNorm_lam: 11.356255887648281
  SquaredLaplacian_lam: 0.00012057980816679268
  SquaredLaplacian_laplacian_type: LaplacianType.LEFT_NORMALIZED
  SquaredLaplacian_sigma: 0.10826185641473549
  cell_model: CellModel.linear
  loss_fn: LogisticLoss
  max_iters: 100000
  mu: 6.494620889570745
  n_cells: 12
  n_partitions: 53
  partitioner: GBPartition
  random_state: 0
  verbose: false
test_score: 0.5845967238149579
train_time: 0.39035534858703613
val_score: 0.6049783353866655
