contains_categorical: postprocessed
dummy_loss: 21.626192033470293
dummy_metadata:
  auc: 0.5
  zo_loss: 0.6
metadata:
  n_epochs: 863
  test:
    auc: 0.5
    zo_loss: 0.6
  val:
    auc: 0.6399999999999999
    zo_loss: 0.5
model_name: JOPLEn
params:
  L1Norm_lam: 1.0e-05
  cell_model: CellModel.constant
  loss_fn: LogisticLoss
  max_iters: 100000
  mu: 1.0e-05
  n_cells: 16
  n_partitions: 10
  partitioner: LinearForestPartition
  random_state: 0
  verbose: false
test_score: 0.717614220981712
train_time: 2.100116491317749
val_score: 0.6877060282937668
