contains_categorical: false
dummy_loss: 21.626192033470293
dummy_metadata:
  auc: 0.5
  zo_loss: 0.6
metadata:
  n_epochs: 103
  test:
    auc: 1.0
    zo_loss: 0.0
  val:
    auc: 0.9600000000000001
    zo_loss: 0.09999999999999998
model_name: JOPLEn
params:
  SquaredFNorm_lam: 0.020823615017028427
  SquaredLaplacian_lam: 0.002805659245303193
  SquaredLaplacian_laplacian_type: LaplacianType.STANDARD
  SquaredLaplacian_sigma: 6.617319342639639
  cell_model: CellModel.linear
  loss_fn: LogisticLoss
  max_iters: 100000
  mu: 1.0
  n_cells: 5
  n_partitions: 16
  partitioner: VPartition
  random_state: 0
  verbose: false
test_score: 0.0365915212572244
train_time: 0.6535353660583496
val_score: 0.23257339768653748
