contains_categorical: false
dummy_loss: 1.0769215368418878
dummy_metadata: {}
metadata:
  test: {}
  val: {}
model_name: MultiTaskTrees
params:
  alpha: 0.0027982640757933694
  batch_size: 16
  depth: 3
  epochs: 10000
  learning_rate: 0.018223244982803873
  loss_criteria: mse
  num_tasks: 1
  num_trees: 1
  power: 0.008856542418773513
test_score: 1.0375774088473662
train_time: 30.436861753463745
val_score: 0.9674465334780001
