contains_categorical: postprocessed
dummy_loss: 2.669900251045715
dummy_metadata:
  auc: 0.5
  zo_loss: 0.07407407407407407
metadata:
  n_epochs: 146
  test:
    auc: 0.9600000000000001
    zo_loss: 0.07407407407407407
  val:
    auc: 1.0
    zo_loss: 0.0
model_name: JOPLEn
params:
  SquaredFNorm_lam: 0.0006680127128107644
  SquaredLaplacian_lam: 9.072927158700674e-05
  SquaredLaplacian_laplacian_type: LaplacianType.LEFT_NORMALIZED
  SquaredLaplacian_sigma: 0.03651371928686731
  cell_model: CellModel.linear
  loss_fn: LogisticLoss
  max_iters: 100000
  mu: 9.825564724170892
  n_cells: 10
  n_partitions: 118
  partitioner: GBPartition
  random_state: 0
  verbose: false
test_score: 1.180917529110737
train_time: 0.5135571956634521
val_score: 1.192092966562092e-07
