contains_categorical: postprocessed
dummy_loss: 1.7055356493273102
dummy_metadata:
  auc: 0.5
  zo_loss: 0.04731861198738174
metadata:
  n_epochs: 143
  test:
    auc: 0.9938189845474613
    zo_loss: 0.02208201892744477
  val:
    auc: 0.9813399778516056
    zo_loss: 0.017405063291139222
model_name: JOPLEn
params:
  GroupInf1Norm_lam: 49.40639243447538
  cell_model: CellModel.linear
  loss_fn: LogisticLoss
  max_iters: 100000
  mu: 7.674487473142445
  n_cells: 32
  n_partitions: 90
  partitioner: RFPartition
  random_state: 0
  verbose: false
test_score: 0.044829699357229226
train_time: 0.743809700012207
val_score: 0.06821197437580488
