contains_categorical: false
dummy_loss: 16.961719241937484
dummy_metadata:
  auc: 0.5
  zo_loss: 0.47058823529411764
metadata:
  n_epochs: 1070
  test:
    auc: 1.0
    zo_loss: 0.11764705882352944
  val:
    auc: 0.8629629629629629
    zo_loss: 0.1515151515151515
model_name: JOPLEn
params:
  SquaredFNorm_lam: 8.327314843479979
  cell_model: CellModel.linear
  loss_fn: LogisticLoss
  max_iters: 100000
  mu: 1.0e-05
  n_cells: 26
  n_partitions: 45
  partitioner: GBPartition
  random_state: 0
  verbose: false
test_score: 0.2772857659672692
train_time: 2.7956178188323975
val_score: 0.4513030632140863
