contains_categorical: postprocessed
dummy_loss: 16.19352543569032
dummy_metadata:
  auc: 0.5
  zo_loss: 0.4492753623188406
metadata:
  test:
    auc: 0.8582342954159592
    zo_loss: 0.18840579710144922
  val:
    auc: 0.8807749627421758
    zo_loss: 0.21739130434782605
model_name: RandomForestClassifier
params:
  ccp_alpha: 3.1622636032747225e-05
  criterion: log_loss
  max_depth: 5
  max_leaf_nodes: 29
  n_estimators: 10
  n_jobs: -1
  random_state: 0
test_score: 0.4443603008612178
train_time: 0.03977608680725098
val_score: 0.4626444899022264
