contains_categorical: postprocessed
dummy_loss: 17.336333900041623
dummy_metadata:
  auc: 0.5
  zo_loss: 0.48098159509202454
metadata:
  test:
    auc: 0.8823032759202972
    zo_loss: 0.19263803680981595
  val:
    auc: 0.8821313866406705
    zo_loss: 0.19533169533169537
model_name: XGBClassifier
params:
  early_stopping_rounds: 70
  learning_rate: 0.9830322422451311
  max_leaves: 13
  n_estimators: 748
  objective: reg:logistic
  random_state: 0
  reg_alpha: 3.4958290975111125e-05
  reg_lambda: 0.0024296384536976836
  verbosity: 0
test_score: 0.40628039503821944
train_time: 1.6664443016052246
val_score: 0.40369646799636444
