contains_categorical: false
dummy_loss: 18.021826694558573
dummy_metadata:
  auc: 0.5
  zo_loss: 0.5
metadata:
  n_epochs: 106
  test:
    auc: 0.429991937651169
    zo_loss: 0.5491803278688525
  val:
    auc: 0.5801516289870909
    zo_loss: 0.4504132231404959
model_name: JOPLEn
params:
  Group21Norm_lam: 43.930252217143575
  cell_model: CellModel.linear
  loss_fn: LogisticLoss
  max_iters: 100000
  mu: 1.0
  n_cells: 26
  n_partitions: 1000
  partitioner: VPartition
  random_state: 0
  verbose: false
test_score: 0.7181454586532819
train_time: 2.0494027137756348
val_score: 0.6783973738167131
