contains_categorical: postprocessed
dummy_loss: 10.813096016735146
dummy_metadata:
  auc: 0.5
  zo_loss: 0.30000000000000004
metadata:
  n_epochs: 134
  test:
    auc: 0.569047619047619
    zo_loss: 0.36
  val:
    auc: 0.7342857142857142
    zo_loss: 0.26
model_name: JOPLEn
params:
  GroupInf1Norm_lam: 0.005964349750753658
  cell_model: CellModel.linear
  loss_fn: LogisticLoss
  max_iters: 100000
  mu: 6.6782912155825205
  n_cells: 2
  n_partitions: 1000
  partitioner: VPartition
  random_state: 0
  verbose: false
test_score: 0.6367291087558614
train_time: 1.0179531574249268
val_score: 0.5466506250276021
