contains_categorical: postprocessed
dummy_loss: 11.185961396622565
dummy_metadata:
  auc: 0.5
  zo_loss: 0.31034482758620685
metadata:
  n_epochs: 121
  test:
    auc: 0.5888888888888889
    zo_loss: 0.31034482758620685
  val:
    auc: 0.5832137733142038
    zo_loss: 0.2931034482758621
model_name: JOPLEn
params:
  Group21Norm_lam: 10.585337074839172
  cell_model: CellModel.linear
  loss_fn: LogisticLoss
  max_iters: 100000
  mu: 4.059191910337967
  n_cells: 2
  n_partitions: 498
  partitioner: VPartition
  random_state: 0
  verbose: false
test_score: 0.5970730537460345
train_time: 0.6075928211212158
val_score: 0.5960340215798278
