contains_categorical: postprocessed
dummy_loss: 13.14091529811563
dummy_metadata:
  auc: 0.5
  zo_loss: 0.36458333333333337
metadata:
  test:
    auc: 0.9615925058548008
    zo_loss: 0.10416666666666663
  val:
    auc: 0.9514551667255803
    zo_loss: 0.09895833333333337
model_name: ExtraTreesClassifier
params:
  criterion: log_loss
  max_depth: 5
  max_features: 1
  max_leaf_nodes: 32
  n_estimators: 10
  random_state: 0
test_score: 0.3777602090538155
train_time: 0.009010076522827148
val_score: 0.38542298898130695
