contains_categorical: postprocessed
dummy_loss: 13.14091529811563
dummy_metadata:
  auc: 0.5
  zo_loss: 0.36458333333333337
metadata:
  n_epochs: 183
  test:
    auc: 0.9770491803278689
    zo_loss: 0.08333333333333337
  val:
    auc: 0.978319783197832
    zo_loss: 0.06770833333333337
model_name: JOPLEn
params:
  SquaredFNorm_lam: 3.025797806546146
  cell_model: CellModel.linear
  loss_fn: LogisticLoss
  max_iters: 100000
  mu: 1.0
  n_cells: 9
  n_partitions: 1000
  partitioner: VPartition
  random_state: 0
  verbose: false
test_score: 0.1924375757469122
train_time: 1.1661572456359863
val_score: 0.18354719195720345
