contains_categorical: postprocessed
dummy_loss: 2.669900251045715
dummy_metadata:
  auc: 0.5
  zo_loss: 0.07407407407407407
metadata:
  test:
    auc: 0.9600000000000001
    zo_loss: 0.03703703703703709
  val:
    auc: 1.0
    zo_loss: 0.0
model_name: ExtraTreesClassifier
params:
  criterion: log_loss
  max_depth: 5
  max_features: 1
  max_leaf_nodes: 32
  n_estimators: 21
  random_state: 0
test_score: 0.16028623623981253
train_time: 0.012886285781860352
val_score: 0.06118638526874308
