contains_categorical: postprocessed
dummy_loss: 16.01940150627429
dummy_metadata:
  auc: 0.5
  zo_loss: 0.4444444444444444
metadata:
  n_epochs: 134
  test:
    auc: 0.8388888888888889
    zo_loss: 0.2592592592592593
  val:
    auc: 0.8222222222222223
    zo_loss: 0.2592592592592593
model_name: JOPLEn
params:
  SquaredFNorm_lam: 0.000563339938555926
  cell_model: CellModel.constant
  loss_fn: LogisticLoss
  max_iters: 100000
  mu: 4.744009282551978
  n_cells: 2
  n_partitions: 120
  partitioner: GBPartition
  random_state: 0
  verbose: false
test_score: 0.5658649967856539
train_time: 0.40176916122436523
val_score: 0.5056787858721146
