contains_categorical: false
dummy_loss: 17.163644471008165
dummy_metadata:
  auc: 0.5
  zo_loss: 0.47619047619047616
metadata:
  n_epochs: 215
  test:
    auc: 0.9272727272727272
    zo_loss: 0.23809523809523814
  val:
    auc: 0.975
    zo_loss: 0.09523809523809523
model_name: JOPLEn
params:
  SquaredFNorm_lam: 0.00013263768010416757
  SquaredLaplacian_lam: 0.00024869863476617685
  SquaredLaplacian_laplacian_type: LaplacianType.LEFT_NORMALIZED
  SquaredLaplacian_sigma: 0.133843493963543
  cell_model: CellModel.linear
  loss_fn: LogisticLoss
  max_iters: 100000
  mu: 7.47529644282919
  n_cells: 6
  n_partitions: 324
  partitioner: RFPartition
  random_state: 0
  verbose: false
test_score: 0.7997340889136121
train_time: 0.9291317462921143
val_score: 0.21139183432483358
