contains_categorical: postprocessed
dummy_loss: 16.277778949923878
dummy_metadata:
  auc: 0.5
  zo_loss: 0.4516129032258065
metadata:
  n_epochs: 122
  test:
    auc: 0.8361344537815126
    zo_loss: 0.3548387096774194
  val:
    auc: 0.8214285714285714
    zo_loss: 0.29508196721311475
model_name: JOPLEn
params:
  SquaredFNorm_lam: 9.255149315356288e-05
  cell_model: CellModel.constant
  loss_fn: LogisticLoss
  max_iters: 100000
  mu: 4.60186028564494
  n_cells: 4
  n_partitions: 1000
  partitioner: RFPartition
  random_state: 0
  verbose: false
test_score: 0.5090399008731463
train_time: 1.0616228580474854
val_score: 0.5178078183715105
