contains_categorical: postprocessed
dummy_loss: 16.019401506274292
dummy_metadata:
  auc: 0.5
  zo_loss: 0.4444444444444444
metadata:
  n_epochs: 107
  test:
    auc: 0.8
    zo_loss: 0.33333333333333337
  val:
    auc: 0.6666666666666667
    zo_loss: 0.4117647058823529
model_name: JOPLEn
params:
  SquaredFNorm_lam: 7.7488689475914825
  cell_model: CellModel.constant
  loss_fn: LogisticLoss
  max_iters: 100000
  mu: 1.9646054727801434
  n_cells: 24
  n_partitions: 1000
  partitioner: RFPartition
  random_state: 0
  verbose: false
test_score: 0.6724354154096308
train_time: 0.9028797149658203
val_score: 0.6787471447357545
