contains_categorical: postprocessed
dummy_loss: 16.019401506274292
dummy_metadata:
  auc: 0.5
  zo_loss: 0.4444444444444444
metadata:
  n_epochs: 1591
  test:
    auc: 0.9500000000000001
    zo_loss: 0.33333333333333337
  val:
    auc: 0.7847222222222222
    zo_loss: 0.4117647058823529
model_name: JOPLEn
params:
  L1Norm_lam: 0.005788003556112795
  cell_model: CellModel.constant
  loss_fn: LogisticLoss
  max_iters: 100000
  mu: 1.0e-05
  n_cells: 14
  n_partitions: 16
  partitioner: VPartition
  random_state: 0
  verbose: false
test_score: 0.5933316696704689
train_time: 3.886484384536743
val_score: 0.6053446143862685
