contains_categorical: postprocessed
dummy_loss: 17.336333900041623
dummy_metadata:
  auc: 0.5
  zo_loss: 0.48098159509202454
metadata:
  n_epochs: 313
  test:
    auc: 0.8823032759202972
    zo_loss: 0.19263803680981595
  val:
    auc: 0.8821313866406705
    zo_loss: 0.19533169533169537
model_name: JOPLEn
params:
  SquaredFNorm_lam: 0.001006217324317483
  cell_model: CellModel.constant
  loss_fn: LogisticLoss
  max_iters: 100000
  mu: 3.5088200290885863
  n_cells: 24
  n_partitions: 101
  partitioner: GBPartition
  random_state: 0
  verbose: false
test_score: 0.4064168114490993
train_time: 1.9859161376953125
val_score: 0.4038497110394821
