contains_categorical: postprocessed
dummy_loss: 5.118198781254636
dummy_metadata:
  auc: 0.5
  zo_loss: 0.14200000000000002
metadata:
  n_epochs: 112
  test:
    auc: 0.7626645654814668
    zo_loss: 0.09799999999999998
  val:
    auc: 0.7184777397543354
    zo_loss: 0.10410410410410409
model_name: JOPLEn
params:
  SquaredFNorm_lam: 0.010567981509434731
  SquaredLaplacian_lam: 1.0e-05
  SquaredLaplacian_laplacian_type: LaplacianType.NORMALIZED
  SquaredLaplacian_sigma: 0.0012531160015649525
  cell_model: CellModel.linear
  loss_fn: LogisticLoss
  max_iters: 100000
  mu: 1.0
  n_cells: 24
  n_partitions: 540
  partitioner: VPartition
  random_state: 0
  verbose: false
test_score: 0.3182236739370247
train_time: 4.042385578155518
val_score: 0.33307154368124364
