contains_categorical: postprocessed
dummy_loss: 0.5721214823669392
dummy_metadata:
  auc: 0.5
  zo_loss: 0.015873015873015928
metadata:
  n_epochs: 171
  test:
    auc: 0.9758064516129032
    zo_loss: 0.015873015873015928
  val:
    auc: 0.893418688230009
    zo_loss: 0.01326259946949604
model_name: JOPLEn
params:
  SquaredFNorm_lam: 0.005721157613963795
  cell_model: CellModel.constant
  loss_fn: LogisticLoss
  max_iters: 100000
  mu: 3.251554041215618
  n_cells: 11
  n_partitions: 79
  partitioner: RFPartition
  random_state: 0
  verbose: false
test_score: 0.04851991937780982
train_time: 0.6446497440338135
val_score: 0.047996695809819474
