contains_categorical: false
dummy_loss: 13.27924072230632
dummy_metadata:
  auc: 0.5
  zo_loss: 0.368421052631579
metadata:
  n_epochs: 130
  test:
    auc: 0.9748677248677249
    zo_loss: 0.01754385964912286
  val:
    auc: 0.9977071732721913
    zo_loss: 0.03508771929824561
model_name: JOPLEn
params:
  SquaredFNorm_lam: 0.00868090897153315
  SquaredLaplacian_lam: 1.0e-05
  SquaredLaplacian_laplacian_type: LaplacianType.NORMALIZED
  SquaredLaplacian_sigma: 0.0005375130927114082
  cell_model: CellModel.constant
  loss_fn: LogisticLoss
  max_iters: 100000
  mu: 2.369844354106642
  n_cells: 25
  n_partitions: 627
  partitioner: VPartition
  random_state: 0
  verbose: false
test_score: 0.139535096003618
train_time: 1.324753761291504
val_score: 0.074136965236404
