contains_categorical: postprocessed
dummy_loss: 10.813096016735146
dummy_metadata:
  auc: 0.5
  zo_loss: 0.30000000000000004
metadata:
  n_epochs: 168
  test:
    auc: 0.519047619047619
    zo_loss: 0.33999999999999997
  val:
    auc: 0.6658928571428571
    zo_loss: 0.28500000000000003
model_name: JOPLEn
params:
  Group21Norm_lam: 43.22763346882416
  cell_model: CellModel.linear
  loss_fn: LogisticLoss
  max_iters: 100000
  mu: 1.0
  n_cells: 2
  n_partitions: 1000
  partitioner: VPartition
  random_state: 0
  verbose: false
test_score: 0.6659875416826725
train_time: 1.169452428817749
val_score: 0.577261826450115
