contains_categorical: postprocessed
dummy_loss: 16.01940150627429
dummy_metadata:
  auc: 0.5
  zo_loss: 0.4444444444444444
metadata:
  n_epochs: 130
  test:
    auc: 0.8277777777777777
    zo_loss: 0.2222222222222222
  val:
    auc: 0.7958333333333334
    zo_loss: 0.2592592592592593
model_name: JOPLEn
params:
  SquaredFNorm_lam: 0.012546744776976778
  SquaredLaplacian_lam: 0.00037942094808637774
  SquaredLaplacian_laplacian_type: LaplacianType.LEFT_NORMALIZED
  SquaredLaplacian_sigma: 0.002903746182128913
  cell_model: CellModel.constant
  loss_fn: LogisticLoss
  max_iters: 100000
  mu: 8.528786776042928
  n_cells: 2
  n_partitions: 428
  partitioner: GBPartition
  random_state: 0
  verbose: false
test_score: 0.5005958760511627
train_time: 0.5841524600982666
val_score: 0.5535899404990553
