contains_categorical: postprocessed
dummy_loss: 10.813096016735146
dummy_metadata:
  auc: 0.5
  zo_loss: 0.30000000000000004
metadata:
  n_epochs: 129
  test:
    auc: 0.8095238095238095
    zo_loss: 0.19999999999999996
  val:
    auc: 1.0
    zo_loss: 0.050000000000000044
model_name: JOPLEn
params:
  SquaredFNorm_lam: 0.0009127395844190535
  SquaredLaplacian_lam: 0.003986043159116066
  SquaredLaplacian_laplacian_type: LaplacianType.STANDARD
  SquaredLaplacian_sigma: 119.35035379573513
  cell_model: CellModel.linear
  loss_fn: LogisticLoss
  max_iters: 100000
  mu: 1.0
  n_cells: 2
  n_partitions: 177
  partitioner: VPartition
  random_state: 0
  verbose: false
test_score: 0.8558530594779311
train_time: 0.4929347038269043
val_score: 0.08548974782540295
