contains_categorical: postprocessed
dummy_loss: 13.14091529811563
dummy_metadata:
  auc: 0.5
  zo_loss: 0.36458333333333337
metadata:
  n_epochs: 139
  test:
    auc: 0.9817330210772834
    zo_loss: 0.05208333333333337
  val:
    auc: 0.9832685283374573
    zo_loss: 0.05729166666666663
model_name: JOPLEn
params:
  SquaredFNorm_lam: 0.017674643326740697
  SquaredLaplacian_lam: 0.006989700033782666
  SquaredLaplacian_laplacian_type: LaplacianType.LEFT_NORMALIZED
  SquaredLaplacian_sigma: 0.05893855143444141
  cell_model: CellModel.constant
  loss_fn: LogisticLoss
  max_iters: 100000
  mu: 8.604399640407978
  n_cells: 16
  n_partitions: 166
  partitioner: LinearForestPartition
  random_state: 0
  verbose: false
test_score: 0.1695846787107722
train_time: 1.4183118343353271
val_score: 0.15820273771151716
