contains_categorical: postprocessed
dummy_loss: 0.5721214823669392
dummy_metadata:
  auc: 0.5
  zo_loss: 0.015873015873015928
metadata:
  n_epochs: 209
  test:
    auc: 0.8223566308243728
    zo_loss: 0.01851851851851849
  val:
    auc: 0.8589959568733153
    zo_loss: 0.01591511936339518
model_name: JOPLEn
params:
  Group21Norm_lam: 45.54355422114543
  cell_model: CellModel.linear
  loss_fn: LogisticLoss
  max_iters: 100000
  mu: 1.0
  n_cells: 32
  n_partitions: 10
  partitioner: VPartition
  random_state: 0
  verbose: false
test_score: 0.0757655155588762
train_time: 0.6330773830413818
val_score: 0.06558796281031727
