contains_categorical: false
dummy_loss: 18.021826694558577
dummy_metadata:
  auc: 0.5
  zo_loss: 0.5
metadata:
  n_epochs: 110
  test:
    auc: 0.7777777777777778
    zo_loss: 0.5
  val:
    auc: 0.9
    zo_loss: 0.09090909090909094
model_name: JOPLEn
params:
  SquaredFNorm_lam: 0.004293825216451605
  cell_model: CellModel.linear
  loss_fn: LogisticLoss
  max_iters: 100000
  mu: 9.68787139530411
  n_cells: 2
  n_partitions: 234
  partitioner: RFPartition
  random_state: 0
  verbose: false
test_score: 0.8915825794453694
train_time: 0.4381890296936035
val_score: 0.33457461457792836
