contains_categorical: postprocessed
dummy_loss: 5.118198781254636
dummy_metadata:
  auc: 0.5
  zo_loss: 0.14200000000000002
metadata:
  n_epochs: 129
  test:
    auc: 0.7599560064348797
    zo_loss: 0.10399999999999998
  val:
    auc: 0.7914910148952702
    zo_loss: 0.09809809809809811
model_name: JOPLEn
params:
  L1Norm_lam: 0.0003565483479200803
  cell_model: CellModel.constant
  loss_fn: LogisticLoss
  max_iters: 100000
  mu: 1.3893972938060275
  n_cells: 16
  n_partitions: 217
  partitioner: LinearForestPartition
  random_state: 0
  verbose: false
test_score: 0.3114926471336061
train_time: 2.6358296871185303
val_score: 0.300116804744669
