contains_categorical: postprocessed
dummy_loss: 16.19352543569032
dummy_metadata:
  auc: 0.5
  zo_loss: 0.4492753623188406
metadata:
  n_epochs: 130
  test:
    auc: 0.7962648556876061
    zo_loss: 0.2753623188405797
  val:
    auc: 0.8865233127528209
    zo_loss: 0.18840579710144922
model_name: JOPLEn
params:
  SquaredFNorm_lam: 0.000996234812702291
  SquaredLaplacian_lam: 0.08681676887443497
  SquaredLaplacian_laplacian_type: LaplacianType.STANDARD
  SquaredLaplacian_sigma: 867.8820494814208
  cell_model: CellModel.linear
  loss_fn: LogisticLoss
  max_iters: 100000
  mu: 1.0
  n_cells: 2
  n_partitions: 34
  partitioner: VPartition
  random_state: 0
  verbose: false
test_score: 0.5531452496336108
train_time: 0.4700150489807129
val_score: 0.3958355031611028
