contains_categorical: postprocessed
dummy_loss: 13.14091529811563
dummy_metadata:
  auc: 0.5
  zo_loss: 0.36458333333333337
metadata:
  n_epochs: 145
  test:
    auc: 0.9747072599531617
    zo_loss: 0.09375
  val:
    auc: 0.9778484741369152
    zo_loss: 0.078125
model_name: JOPLEn
params:
  Group21Norm_lam: 37.1552037479376
  cell_model: CellModel.linear
  loss_fn: LogisticLoss
  max_iters: 100000
  mu: 1.0
  n_cells: 4
  n_partitions: 1000
  partitioner: VPartition
  random_state: 0
  verbose: false
test_score: 0.19790482676888008
train_time: 0.918771505355835
val_score: 0.1923835611290876
