contains_categorical: postprocessed
dummy_loss: 13.14091529811563
dummy_metadata:
  auc: 0.5
  zo_loss: 0.36458333333333337
metadata:
  n_epochs: 291
  test:
    auc: 0.9850117096018735
    zo_loss: 0.05208333333333337
  val:
    auc: 0.9822080829503946
    zo_loss: 0.06770833333333337
model_name: JOPLEn
params:
  GroupInf1Norm_lam: 2.6130334937183495
  SquaredFNorm_lam: 1.0e-05
  cell_model: CellModel.linear
  loss_fn: LogisticLoss
  max_iters: 100000
  n_cells: 32
  n_partitions: 185
  partitioner: LinearForestPartition
  random_state: 0
  verbose: false
test_score: 0.15187656405839203
train_time: 2.3265278339385986
val_score: 0.16445940197298295
