contains_categorical: postprocessed
dummy_loss: 13.63813912020649
dummy_metadata:
  auc: 0.5
  zo_loss: 0.3783783783783784
metadata:
  n_epochs: 319
  test:
    auc: 0.6801242236024845
    zo_loss: 0.2702702702702703
  val:
    auc: 0.6997635933806147
    zo_loss: 0.33783783783783783
model_name: JOPLEn
params:
  Group21Norm_lam: 75.7972593215138
  cell_model: CellModel.linear
  loss_fn: LogisticLoss
  max_iters: 100000
  mu: 1.0e-05
  n_cells: 6
  n_partitions: 646
  partitioner: RFPartition
  random_state: 0
  verbose: false
test_score: 0.5904496588306759
train_time: 1.358736276626587
val_score: 0.6017608640576518
