contains_categorical: postprocessed
dummy_loss: 12.35782401912588
dummy_metadata:
  auc: 0.5
  zo_loss: 0.34285714285714286
metadata:
  n_epochs: 107
  test:
    auc: 0.9189311594202899
    zo_loss: 0.09999999999999998
  val:
    auc: 0.9771286231884058
    zo_loss: 0.07857142857142863
model_name: JOPLEn
params:
  SquaredFNorm_lam: 5.188514920882662e-05
  cell_model: CellModel.constant
  loss_fn: LogisticLoss
  max_iters: 100000
  mu: 1.9907962986735988
  n_cells: 32
  n_partitions: 10
  partitioner: LinearForestPartition
  random_state: 0
  verbose: false
test_score: 0.3404333506282269
train_time: 0.2881748676300049
val_score: 0.16840798563894885
