contains_categorical: postprocessed
dummy_loss: 13.63813912020649
dummy_metadata:
  auc: 0.5
  zo_loss: 0.3783783783783784
metadata:
  n_epochs: 110
  test:
    auc: 0.6832298136645962
    zo_loss: 0.32432432432432434
  val:
    auc: 0.6832151300236406
    zo_loss: 0.32432432432432434
model_name: JOPLEn
params:
  GroupInf1Norm_lam: 0.0008398054602587905
  cell_model: CellModel.linear
  loss_fn: LogisticLoss
  max_iters: 100000
  mu: 1.0
  n_cells: 18
  n_partitions: 10
  partitioner: VPartition
  random_state: 0
  verbose: false
test_score: 0.6143729740774599
train_time: 0.34356093406677246
val_score: 0.6039462285054814
