contains_categorical: false
dummy_loss: 9.301587971385072
dummy_metadata:
  auc: 0.5
  zo_loss: 0.25806451612903225
metadata:
  n_epochs: 41
  test:
    auc: 0.7663043478260869
    zo_loss: 0.25806451612903225
  val:
    auc: 0.658288043478261
    zo_loss: 0.24193548387096775
model_name: JOPLEn
params:
  Group21Norm_lam: 0.0020525614459373145
  cell_model: CellModel.linear
  loss_fn: LogisticLoss
  max_iters: 100000
  mu: 10.0
  n_cells: 2
  n_partitions: 1000
  partitioner: VPartition
  random_state: 0
  verbose: false
test_score: 0.4968119163833175
train_time: 0.7643129825592041
val_score: 0.5432673676421854
