contains_categorical: postprocessed
dummy_loss: 16.193525435690322
dummy_metadata:
  auc: 0.5
  zo_loss: 0.4492753623188406
metadata:
  n_epochs: 110
  test:
    auc: 0.8718166383701188
    zo_loss: 0.23188405797101452
  val:
    auc: 0.8015754737066212
    zo_loss: 0.2536231884057971
model_name: JOPLEn
params:
  GroupInf1Norm_lam: 1000.0
  cell_model: CellModel.linear
  loss_fn: LogisticLoss
  max_iters: 100000
  mu: 6.699295704041263
  n_cells: 30
  n_partitions: 18
  partitioner: RFPartition
  random_state: 0
  verbose: false
test_score: 0.4651804329653026
train_time: 0.31089138984680176
val_score: 0.5276096471607361
