contains_categorical: false
dummy_loss: 18.021826694558573
dummy_metadata:
  auc: 0.5
  zo_loss: 0.5
metadata:
  n_epochs: 156
  test:
    auc: 0.5040311744154797
    zo_loss: 0.5
  val:
    auc: 0.614643808483027
    zo_loss: 0.3842975206611571
model_name: JOPLEn
params:
  SquaredFNorm_lam: 1.0e-05
  cell_model: CellModel.constant
  loss_fn: LogisticLoss
  max_iters: 100000
  mu: 4.596098506782691
  n_cells: 4
  n_partitions: 472
  partitioner: RFPartition
  random_state: 0
  verbose: false
test_score: 0.734655568605447
train_time: 1.2987759113311768
val_score: 0.6726619457600232
