contains_categorical: postprocessed
dummy_loss: 21.626192033470293
dummy_metadata:
  auc: 0.5
  zo_loss: 0.6
metadata:
  n_epochs: 106
  test:
    auc: 0.41666666666666663
    zo_loss: 0.6
  val:
    auc: 0.68
    zo_loss: 0.4
model_name: JOPLEn
params:
  SquaredFNorm_lam: 0.5969493490232646
  SquaredLaplacian_lam: 0.08409756850092397
  SquaredLaplacian_laplacian_type: LaplacianType.NORMALIZED
  SquaredLaplacian_sigma: 0.011081585619844965
  cell_model: CellModel.constant
  loss_fn: LogisticLoss
  max_iters: 100000
  mu: 6.758016924012973
  n_cells: 25
  n_partitions: 135
  partitioner: GBPartition
  random_state: 0
  verbose: false
test_score: 0.9451104881635082
train_time: 0.4785304069519043
val_score: 0.6592526183866625
