contains_categorical: postprocessed
dummy_loss: 16.277778949923874
dummy_metadata:
  auc: 0.5
  zo_loss: 0.4516129032258065
metadata:
  n_epochs: 104
  test:
    auc: 0.7605042016806722
    zo_loss: 0.29032258064516125
  val:
    auc: 0.7803030303030303
    zo_loss: 0.2622950819672131
model_name: JOPLEn
params:
  SquaredFNorm_lam: 0.028638723341004185
  cell_model: CellModel.constant
  loss_fn: LogisticLoss
  max_iters: 100000
  mu: 0.6363244144236435
  n_cells: 27
  n_partitions: 21
  partitioner: RFPartition
  random_state: 0
  verbose: false
test_score: 0.6000566927643147
train_time: 0.3028242588043213
val_score: 0.5573478749293518
