contains_categorical: postprocessed
dummy_loss: 2.1633525431921794
dummy_metadata:
  auc: 0.5
  zo_loss: 0.0600203458799593
metadata:
  test:
    auc: 0.6350520947978574
    zo_loss: 0.0600203458799593
  val:
    auc: 0.6569853043309164
    zo_loss: 0.05960264900662249
model_name: XGBClassifier
params:
  early_stopping_rounds: 87
  learning_rate: 1.0
  max_leaves: 17
  n_estimators: 72
  objective: reg:logistic
  random_state: 0
  reg_alpha: 0.038299854521492205
  reg_lambda: 1.0e-05
  verbosity: 0
test_score: 0.2214240651004698
train_time: 0.8598058223724365
val_score: 0.21755805322592794
