contains_categorical: postprocessed
dummy_loss: 17.336333900041623
dummy_metadata:
  auc: 0.5
  zo_loss: 0.48098159509202454
metadata:
  n_epochs: 2250
  test:
    auc: 0.8823032759202972
    zo_loss: 0.19263803680981595
  val:
    auc: 0.8821313866406705
    zo_loss: 0.19533169533169537
model_name: JOPLEn
params:
  Group21Norm_lam: 29.05174757737182
  cell_model: CellModel.linear
  loss_fn: LogisticLoss
  max_iters: 100000
  mu: 1.0
  n_cells: 24
  n_partitions: 16
  partitioner: VPartition
  random_state: 0
  verbose: false
test_score: 0.40615185463619086
train_time: 6.273072957992554
val_score: 0.4035497976457199
