contains_categorical: false
dummy_loss: 10.2981866826049
dummy_metadata:
  auc: 0.5
  zo_loss: 0.2857142857142857
metadata:
  n_epochs: 551
  test:
    auc: 0.936
    zo_loss: 0.11428571428571432
  val:
    auc: 0.9855521155830753
    zo_loss: 0.0714285714285714
model_name: JOPLEn
params:
  L1Norm_lam: 0.00013219394842481488
  cell_model: CellModel.constant
  loss_fn: LogisticLoss
  max_iters: 100000
  mu: 0.8825457866433147
  n_cells: 32
  n_partitions: 581
  partitioner: RFPartition
  random_state: 0
  verbose: false
test_score: 0.448140530997699
train_time: 1.9698050022125244
val_score: 0.14496591474368273
