contains_categorical: postprocessed
dummy_loss: 11.185961396622565
dummy_metadata:
  auc: 0.5
  zo_loss: 0.31034482758620685
metadata:
  n_epochs: 107
  test:
    auc: 0.6388888888888888
    zo_loss: 0.3448275862068966
  val:
    auc: 0.6291248206599713
    zo_loss: 0.3448275862068966
model_name: JOPLEn
params:
  GroupInf1Norm_lam: 5.016249973844193
  cell_model: CellModel.linear
  loss_fn: LogisticLoss
  max_iters: 100000
  mu: 8.734315036814884
  n_cells: 27
  n_partitions: 72
  partitioner: RFPartition
  random_state: 0
  verbose: false
test_score: 0.5836630685353248
train_time: 0.37320780754089355
val_score: 0.5957192267310475
