contains_categorical: postprocessed
dummy_loss: 16.277778949923878
dummy_metadata:
  auc: 0.5
  zo_loss: 0.4516129032258065
metadata:
  test:
    auc: 0.8781512605042017
    zo_loss: 0.22580645161290325
  val:
    auc: 0.8127705627705628
    zo_loss: 0.24590163934426235
model_name: LinearForestClassifier
params:
  ccp_alpha: 0.0003068034711446446
  max_depth: 1
  max_leaf_nodes: 29
  n_estimators: 477
  random_state: 0
test_score: 0.6291266620910948
train_time: 0.27146220207214355
val_score: 0.6685926249160825
