contains_categorical: postprocessed
dummy_loss: 12.191235705142565
dummy_metadata:
  auc: 0.5
  zo_loss: 0.3382352941176471
metadata:
  n_epochs: 35
  test:
    auc: 0.5922705314009662
    zo_loss: 0.36764705882352944
  val:
    auc: 0.702716049382716
    zo_loss: 0.31851851851851853
model_name: JOPLEn
params:
  Group21Norm_lam: 0.0006248960814033178
  cell_model: CellModel.linear
  loss_fn: LogisticLoss
  max_iters: 100000
  mu: 7.399647087367108
  n_cells: 2
  n_partitions: 1000
  partitioner: RFPartition
  random_state: 0
  verbose: false
test_score: 0.6488957695106313
train_time: 1.0112454891204834
val_score: 0.5742363937664398
