contains_categorical: postprocessed
dummy_loss: 6.758185010459466
dummy_metadata:
  auc: 0.5
  zo_loss: 0.1875
metadata:
  n_epochs: 118
  test:
    auc: 0.5641025641025641
    zo_loss: 0.1875
  val:
    auc: 0.78
    zo_loss: 0.12903225806451613
model_name: JOPLEn
params:
  SquaredFNorm_lam: 0.01320732189747934
  cell_model: CellModel.constant
  loss_fn: LogisticLoss
  max_iters: 100000
  mu: 7.535056333354993
  n_cells: 2
  n_partitions: 1000
  partitioner: LinearForestPartition
  random_state: 0
  verbose: false
test_score: 0.48432237161227515
train_time: 0.9326324462890625
val_score: 0.36985504189246604
