contains_categorical: false
dummy_loss: 10.593236393474356
dummy_metadata:
  auc: 0.5
  zo_loss: 0.2939001848428835
metadata:
  n_epochs: 463
  test:
    auc: 0.9387697981494287
    zo_loss: 0.10720887245841038
  val:
    auc: 0.9330634925228738
    zo_loss: 0.125
model_name: JOPLEn
params:
  Group21Norm_lam: 0.09987312032246116
  SquaredFNorm_lam: 95.23355812827725
  cell_model: CellModel.linear
  loss_fn: LogisticLoss
  max_iters: 100000
  n_cells: 32
  n_partitions: 1000
  partitioner: LinearForestPartition
  random_state: 0
  verbose: false
test_score: 0.29069944680655674
train_time: 26.969746351242065
val_score: 0.3163780897789932
