contains_categorical: postprocessed
dummy_loss: 15.44728002390735
dummy_metadata:
  auc: 0.5
  zo_loss: 0.4285714285714286
metadata:
  n_epochs: 117
  test:
    auc: 0.7291666666666667
    zo_loss: 0.2857142857142857
  val:
    auc: 0.7692307692307692
    zo_loss: 0.40740740740740744
model_name: JOPLEn
params:
  SquaredFNorm_lam: 0.00018928017665049697
  SquaredLaplacian_lam: 5.774368724985995e-05
  SquaredLaplacian_laplacian_type: LaplacianType.STANDARD
  SquaredLaplacian_sigma: 0.04391719434427297
  cell_model: CellModel.linear
  loss_fn: LogisticLoss
  max_iters: 100000
  mu: 1.0
  n_cells: 2
  n_partitions: 16
  partitioner: VPartition
  random_state: 0
  verbose: false
test_score: 0.5517998661870261
train_time: 0.37883591651916504
val_score: 0.5629990156203982
