contains_categorical: postprocessed
dummy_loss: 12.270179877146266
dummy_metadata:
  auc: 0.5
  zo_loss: 0.34042553191489366
metadata:
  n_epochs: 105
  test:
    auc: 0.6370967741935485
    zo_loss: 0.4042553191489362
  val:
    auc: 0.7643442622950819
    zo_loss: 0.32258064516129037
model_name: JOPLEn
params:
  SquaredFNorm_lam: 1.7504533170416597e-05
  SquaredLaplacian_lam: 0.07603361930090283
  SquaredLaplacian_laplacian_type: LaplacianType.STANDARD
  SquaredLaplacian_sigma: 39.16223261197001
  cell_model: CellModel.linear
  loss_fn: LogisticLoss
  max_iters: 100000
  mu: 1.0
  n_cells: 4
  n_partitions: 20
  partitioner: VPartition
  random_state: 0
  verbose: false
test_score: 0.6310294142318863
train_time: 0.39548540115356445
val_score: 0.537822664818046
