contains_categorical: false
dummy_loss: 18.021826694558577
dummy_metadata:
  auc: 0.5
  zo_loss: 0.5
metadata:
  n_epochs: 113
  test:
    auc: 0.6666666666666667
    zo_loss: 0.33333333333333337
  val:
    auc: 0.9
    zo_loss: 0.09090909090909094
model_name: JOPLEn
params:
  Group21Norm_lam: 153.49621220270313
  cell_model: CellModel.linear
  loss_fn: LogisticLoss
  max_iters: 100000
  mu: 1.0
  n_cells: 18
  n_partitions: 10
  partitioner: VPartition
  random_state: 0
  verbose: false
test_score: 0.8454606362568388
train_time: 0.3201022148132324
val_score: 0.2592242143733607
