contains_categorical: postprocessed
dummy_loss: 12.270179877146266
dummy_metadata:
  auc: 0.5
  zo_loss: 0.34042553191489366
metadata:
  n_epochs: 113
  test:
    auc: 0.6673387096774194
    zo_loss: 0.3829787234042553
  val:
    auc: 0.788422131147541
    zo_loss: 0.31182795698924726
model_name: JOPLEn
params:
  SquaredFNorm_lam: 0.012020089762596296
  cell_model: CellModel.linear
  loss_fn: LogisticLoss
  max_iters: 100000
  mu: 8.162264645045997
  n_cells: 2
  n_partitions: 267
  partitioner: RFPartition
  random_state: 0
  verbose: false
test_score: 0.6634200849117692
train_time: 0.6417868137359619
val_score: 0.5594048077996218
