contains_categorical: false
dummy_loss: 9.301587971385072
dummy_metadata:
  auc: 0.5
  zo_loss: 0.25806451612903225
metadata:
  n_epochs: 220
  test:
    auc: 0.7608695652173912
    zo_loss: 0.32258064516129037
  val:
    auc: 0.7275815217391305
    zo_loss: 0.22580645161290325
model_name: JOPLEn
params:
  GroupInf1Norm_lam: 92.92838798895404
  cell_model: CellModel.linear
  loss_fn: LogisticLoss
  max_iters: 100000
  mu: 5.568920891763528
  n_cells: 2
  n_partitions: 220
  partitioner: RFPartition
  random_state: 0
  verbose: false
test_score: 0.5372456398324233
train_time: 0.7917141914367676
val_score: 0.5061040117714394
