contains_categorical: postprocessed
dummy_loss: 12.35782401912588
dummy_metadata:
  auc: 0.5
  zo_loss: 0.34285714285714286
metadata:
  n_epochs: 116
  test:
    auc: 1.0
    zo_loss: 0.0
  val:
    auc: 0.9440670289855074
    zo_loss: 0.08571428571428574
model_name: JOPLEn
params:
  SquaredFNorm_lam: 0.7037583963350574
  SquaredLaplacian_lam: 0.0013794437044541666
  SquaredLaplacian_laplacian_type: LaplacianType.LEFT_NORMALIZED
  SquaredLaplacian_sigma: 0.011404501539342374
  cell_model: CellModel.linear
  loss_fn: LogisticLoss
  max_iters: 100000
  mu: 8.002985437753022
  n_cells: 4
  n_partitions: 113
  partitioner: LinearForestPartition
  random_state: 0
  verbose: false
test_score: 0.056277372895354914
train_time: 0.4701690673828125
val_score: 0.248208618103743
