contains_categorical: false
dummy_loss: 18.021826694558573
dummy_metadata:
  auc: 0.5
  zo_loss: 0.5
metadata:
  n_epochs: 105
  test:
    auc: 0.4340231120666488
    zo_loss: 0.5737704918032787
  val:
    auc: 0.5811078478246021
    zo_loss: 0.4504132231404959
model_name: JOPLEn
params:
  GroupInf1Norm_lam: 1.0e-05
  cell_model: CellModel.linear
  loss_fn: LogisticLoss
  max_iters: 100000
  mu: 1.0
  n_cells: 22
  n_partitions: 477
  partitioner: VPartition
  random_state: 0
  verbose: false
test_score: 0.7105591281592823
train_time: 1.2682595252990723
val_score: 0.6786783963264379
