contains_categorical: false
dummy_loss: 17.506917360428332
dummy_metadata:
  auc: 0.5
  zo_loss: 0.48571428571428577
metadata:
  n_epochs: 107
  test:
    auc: 0.3464052287581699
    zo_loss: 0.6285714285714286
  val:
    auc: 0.5004201680672269
    zo_loss: 0.49275362318840576
model_name: JOPLEn
params:
  L1Norm_lam: 1.0e-05
  cell_model: CellModel.constant
  loss_fn: LogisticLoss
  max_iters: 100000
  mu: 10.0
  n_cells: 2
  n_partitions: 10
  partitioner: LinearForestPartition
  random_state: 0
  verbose: false
test_score: 0.6988927314316017
train_time: 0.29647111892700195
val_score: 0.6929405360169417
