contains_categorical: false
dummy_loss: 10.593236393474356
dummy_metadata:
  auc: 0.5
  zo_loss: 0.2939001848428835
metadata:
  n_epochs: 129
  test:
    auc: 0.9384240508413185
    zo_loss: 0.10536044362292052
  val:
    auc: 0.935953462796284
    zo_loss: 0.12407407407407411
model_name: JOPLEn
params:
  SquaredFNorm_lam: 0.04763670301518615
  SquaredLaplacian_lam: 5.6802561155595985e-05
  SquaredLaplacian_laplacian_type: LaplacianType.NORMALIZED
  SquaredLaplacian_sigma: 0.022716418312190872
  cell_model: CellModel.linear
  loss_fn: LogisticLoss
  max_iters: 100000
  mu: 3.26824576580693
  n_cells: 32
  n_partitions: 505
  partitioner: LinearForestPartition
  random_state: 0
  verbose: false
test_score: 0.2875229416328146
train_time: 6.271771430969238
val_score: 0.3055249421871184
