contains_categorical: postprocessed
dummy_loss: 12.014551129705717
dummy_metadata:
  auc: 0.5
  zo_loss: 0.33333333333333337
metadata:
  n_epochs: 486
  test:
    auc: 1.0
    zo_loss: 0.16666666666666663
  val:
    auc: 1.0
    zo_loss: 0.08333333333333337
model_name: JOPLEn
params:
  SquaredFNorm_lam: 13.650959932611972
  SquaredLaplacian_lam: 0.00038515022499071026
  SquaredLaplacian_laplacian_type: LaplacianType.LEFT_NORMALIZED
  SquaredLaplacian_sigma: 0.0014020320756269005
  cell_model: CellModel.linear
  loss_fn: LogisticLoss
  max_iters: 100000
  mu: 7.202726584587755
  n_cells: 2
  n_partitions: 52
  partitioner: LinearForestPartition
  random_state: 0
  verbose: false
test_score: 0.1342117877472163
train_time: 1.5527172088623047
val_score: 0.11668760312744016
