contains_categorical: postprocessed
dummy_loss: 13.216006242676288
dummy_metadata:
  auc: 0.5
  zo_loss: 0.3666666666666667
metadata:
  n_epochs: 114
  test:
    auc: 0.9138755980861244
    zo_loss: 0.1333333333333333
  val:
    auc: 0.8120300751879699
    zo_loss: 0.15254237288135597
model_name: JOPLEn
params:
  GroupInf1Norm_lam: 1000.0
  cell_model: CellModel.linear
  loss_fn: LogisticLoss
  max_iters: 100000
  mu: 10.0
  n_cells: 2
  n_partitions: 1000
  partitioner: RFPartition
  random_state: 0
  verbose: false
test_score: 0.376090322447696
train_time: 1.0207042694091797
val_score: 0.4303794325195665
