contains_categorical: false
dummy_loss: 21.626192033470293
dummy_metadata:
  auc: 0.5
  zo_loss: 0.6
metadata:
  n_epochs: 235
  test:
    auc: 1.0
    zo_loss: 0.0
  val:
    auc: 0.92
    zo_loss: 0.09999999999999998
model_name: JOPLEn
params:
  SquaredFNorm_lam: 1.2892824909357308
  cell_model: CellModel.linear
  loss_fn: LogisticLoss
  max_iters: 100000
  mu: 1.0e-05
  n_cells: 2
  n_partitions: 521
  partitioner: GBPartition
  random_state: 0
  verbose: false
test_score: 0.16170054921723273
train_time: 0.9926555156707764
val_score: 0.2963429384984545
