contains_categorical: postprocessed
dummy_loss: 12.014551129705717
dummy_metadata:
  auc: 0.5
  zo_loss: 0.33333333333333337
metadata:
  n_epochs: 110
  test:
    auc: 0.921875
    zo_loss: 0.25
  val:
    auc: 1.0
    zo_loss: 0.08333333333333337
model_name: JOPLEn
params:
  Group21Norm_lam: 45.44075124900261
  cell_model: CellModel.linear
  loss_fn: LogisticLoss
  max_iters: 100000
  mu: 4.371869767640694
  n_cells: 6
  n_partitions: 1000
  partitioner: RFPartition
  random_state: 0
  verbose: false
test_score: 0.49481746069613664
train_time: 1.0015277862548828
val_score: 0.15754982798525963
