contains_categorical: false
dummy_loss: 18.021826694558577
dummy_metadata:
  auc: 0.5
  zo_loss: 0.5
metadata:
  n_epochs: 129
  test:
    auc: 0.6666666666666667
    zo_loss: 0.5
  val:
    auc: 0.9333333333333333
    zo_loss: 0.09090909090909094
model_name: JOPLEn
params:
  SquaredFNorm_lam: 0.11672741878944502
  SquaredLaplacian_lam: 1.0e-05
  SquaredLaplacian_laplacian_type: LaplacianType.STANDARD
  SquaredLaplacian_sigma: 4.7082374585773696e-05
  cell_model: CellModel.constant
  loss_fn: LogisticLoss
  max_iters: 100000
  mu: 4.184689220515583
  n_cells: 23
  n_partitions: 129
  partitioner: VPartition
  random_state: 0
  verbose: false
test_score: 1.1633823066730329
train_time: 0.46497321128845215
val_score: 0.2808173868294643
