contains_categorical: false
dummy_loss: 14.229815437785946
dummy_metadata:
  auc: 0.5
  zo_loss: 0.3947939262472885
metadata:
  n_epochs: 192
  test:
    auc: 0.9668557249202411
    zo_loss: 0.07592190889370931
  val:
    auc: 0.9879651082199647
    zo_loss: 0.034782608695652195
model_name: JOPLEn
params:
  SquaredFNorm_lam: 16.63531643838693
  SquaredLaplacian_lam: 1.070910292432003e-05
  SquaredLaplacian_laplacian_type: LaplacianType.NORMALIZED
  SquaredLaplacian_sigma: 0.0005013089951726639
  cell_model: CellModel.linear
  loss_fn: LogisticLoss
  max_iters: 100000
  mu: 0.892317099585696
  n_cells: 23
  n_partitions: 460
  partitioner: RFPartition
  random_state: 0
  verbose: false
test_score: 0.23725198748710238
train_time: 6.294703960418701
val_score: 0.1221730651273063
