contains_categorical: postprocessed
dummy_loss: 0.5721214823669392
dummy_metadata:
  auc: 0.5
  zo_loss: 0.015873015873015928
metadata:
  test:
    auc: 0.9775985663082438
    zo_loss: 0.021164021164021163
  val:
    auc: 0.8888140161725068
    zo_loss: 0.010610079575596787
model_name: XGBClassifier
params:
  early_stopping_rounds: 56
  learning_rate: 0.5945946299521809
  max_leaves: 12
  n_estimators: 20
  objective: reg:logistic
  random_state: 0
  reg_alpha: 3.7862074953885454
  reg_lambda: 0.00044254402332985634
  verbosity: 0
test_score: 0.05040501692115514
train_time: 0.3096334934234619
val_score: 0.0454328386189403
