contains_categorical: false
dummy_loss: 13.27924072230632
dummy_metadata:
  auc: 0.5
  zo_loss: 0.368421052631579
metadata:
  n_epochs: 140
  test:
    auc: 0.9722222222222222
    zo_loss: 0.052631578947368474
  val:
    auc: 0.9973796265967901
    zo_loss: 0.03508771929824561
model_name: JOPLEn
params:
  Group21Norm_lam: 112.50526618451107
  cell_model: CellModel.linear
  loss_fn: LogisticLoss
  max_iters: 100000
  mu: 1.3381882956167463
  n_cells: 31
  n_partitions: 54
  partitioner: VPartition
  random_state: 0
  verbose: false
test_score: 0.17851798872155286
train_time: 0.3920779228210449
val_score: 0.059094371736394424
