contains_categorical: postprocessed
dummy_loss: 16.277778949923874
dummy_metadata:
  auc: 0.5
  zo_loss: 0.4516129032258065
metadata:
  n_epochs: 117
  test:
    auc: 0.7394957983193278
    zo_loss: 0.3548387096774194
  val:
    auc: 0.7976190476190476
    zo_loss: 0.2622950819672131
model_name: JOPLEn
params:
  SquaredFNorm_lam: 16.57598888614424
  cell_model: CellModel.linear
  loss_fn: LogisticLoss
  max_iters: 100000
  mu: 10.0
  n_cells: 2
  n_partitions: 1000
  partitioner: GBPartition
  random_state: 0
  verbose: false
test_score: 0.6690986815947247
train_time: 0.7244052886962891
val_score: 0.5343246180356612
