contains_categorical: postprocessed
dummy_loss: 16.01940150627429
dummy_metadata:
  auc: 0.5
  zo_loss: 0.4444444444444444
metadata:
  test:
    auc: 0.8666666666666667
    zo_loss: 0.2222222222222222
  val:
    auc: 0.8486111111111112
    zo_loss: 0.2777777777777778
model_name: LogisticRegression
params:
  C: 100000.0
  penalty: l2
  random_state: 0
test_score: 0.4982336288633756
train_time: 0.004106044769287109
val_score: 0.49350491839747235
