contains_categorical: false
dummy_loss: 14.229815437785946
dummy_metadata:
  auc: 0.5
  zo_loss: 0.3947939262472885
metadata:
  n_epochs: 170
  test:
    auc: 0.9667769506479184
    zo_loss: 0.06941431670281994
  val:
    auc: 0.9879255034753164
    zo_loss: 0.03152173913043477
model_name: JOPLEn
params:
  GroupInf1Norm_lam: 43.27101290510585
  cell_model: CellModel.linear
  loss_fn: LogisticLoss
  max_iters: 100000
  mu: 7.695640170337275
  n_cells: 32
  n_partitions: 330
  partitioner: RFPartition
  random_state: 0
  verbose: false
test_score: 0.23548244054240097
train_time: 3.300469398498535
val_score: 0.12072200966459917
