contains_categorical: false
dummy_loss: 6.553391525294028
dummy_metadata:
  auc: 0.5
  zo_loss: 0.18181818181818177
metadata:
  n_epochs: 118
  test:
    auc: 0.6111111111111112
    zo_loss: 0.2727272727272727
  val:
    auc: 1.0
    zo_loss: 0.0
model_name: JOPLEn
params:
  SquaredFNorm_lam: 0.00013298236524828916
  cell_model: CellModel.constant
  loss_fn: LogisticLoss
  max_iters: 100000
  mu: 5.13415465849609
  n_cells: 25
  n_partitions: 241
  partitioner: GBPartition
  random_state: 0
  verbose: false
test_score: 1.558681499493362
train_time: 0.40697312355041504
val_score: 0.03667794278674029
