contains_categorical: false
dummy_loss: 5.570382796499923
dummy_metadata:
  auc: 0.5
  zo_loss: 0.15454545454545454
metadata:
  test:
    auc: 1.0
    zo_loss: 0.0
  val:
    auc: 1.0
    zo_loss: 0.0
model_name: GradientBoostingClassifier
params:
  ccp_alpha: 1.0e-05
  criterion: squared_error
  learning_rate: 0.7223116169426835
  loss: log_loss
  max_depth: 2
  max_leaf_nodes: 7
  n_estimators: 118
  random_state: 0
test_score: 0.0011216493719738913
train_time: 2.517411947250366
val_score: 0.0011197422692208869
