contains_categorical: postprocessed
dummy_loss: 6.007275564852859
dummy_metadata:
  auc: 0.5
  zo_loss: 0.16666666666666663
metadata:
  n_epochs: 109
  test:
    auc: 0.6666666666666667
    zo_loss: 0.2222222222222222
  val:
    auc: 0.8838709677419354
    zo_loss: 0.13888888888888884
model_name: JOPLEn
params:
  Group21Norm_lam: 15.547532135801921
  cell_model: CellModel.linear
  loss_fn: LogisticLoss
  max_iters: 100000
  mu: 1.0
  n_cells: 9
  n_partitions: 87
  partitioner: VPartition
  random_state: 0
  verbose: false
test_score: 0.46378016060418176
train_time: 0.4093155860900879
val_score: 0.3180725686061312
