contains_categorical: false
dummy_loss: 13.279240722306321
dummy_metadata:
  auc: 0.5
  zo_loss: 0.368421052631579
metadata:
  n_epochs: 133
  test:
    auc: 0.9973544973544973
    zo_loss: 0.03508771929824561
  val:
    auc: 0.9901735997379626
    zo_loss: 0.03508771929824561
model_name: JOPLEn
params:
  SquaredFNorm_lam: 1.8348180051592624
  cell_model: CellModel.linear
  loss_fn: LogisticLoss
  max_iters: 100000
  mu: 7.8016854343586735
  n_cells: 2
  n_partitions: 669
  partitioner: GBPartition
  random_state: 0
  verbose: false
test_score: 0.07260338722832724
train_time: 1.252873420715332
val_score: 0.11267256147039985
