contains_categorical: postprocessed
dummy_loss: 6.007275564852859
dummy_metadata:
  auc: 0.5
  zo_loss: 0.16666666666666663
metadata:
  n_epochs: 134
  test:
    auc: 0.5111111111111111
    zo_loss: 0.16666666666666663
  val:
    auc: 0.7483870967741935
    zo_loss: 0.13888888888888884
model_name: JOPLEn
params:
  SquaredFNorm_lam: 120.61237863906658
  SquaredLaplacian_lam: 0.001887995036586739
  SquaredLaplacian_laplacian_type: LaplacianType.STANDARD
  SquaredLaplacian_sigma: 0.024974933312556985
  cell_model: CellModel.linear
  loss_fn: LogisticLoss
  max_iters: 100000
  mu: 4.661715697841226
  n_cells: 2
  n_partitions: 16
  partitioner: LinearForestPartition
  random_state: 0
  verbose: false
test_score: 0.458184385036831
train_time: 0.46144652366638184
val_score: 0.3950221934371657
