contains_categorical: postprocessed
dummy_loss: 13.01576372384786
dummy_metadata:
  auc: 0.5
  zo_loss: 0.36111111111111116
metadata:
  n_epochs: 2281
  test:
    auc: 0.923076923076923
    zo_loss: 0.16666666666666663
  val:
    auc: 1.0
    zo_loss: 0.014285714285714235
model_name: JOPLEn
params:
  GroupInf1Norm_lam: 0.6273050875681834
  cell_model: CellModel.linear
  loss_fn: LogisticLoss
  max_iters: 100000
  mu: 7.674942364351497
  n_cells: 5
  n_partitions: 1000
  partitioner: VPartition
  random_state: 0
  verbose: false
test_score: 1.0898425327920018
train_time: 6.526974678039551
val_score: 0.019936191651672996
