contains_categorical: postprocessed
dummy_loss: 13.63813912020649
dummy_metadata:
  auc: 0.5
  zo_loss: 0.3783783783783784
metadata:
  n_epochs: 1634
  test:
    auc: 0.7298136645962732
    zo_loss: 0.2432432432432432
  val:
    auc: 0.723404255319149
    zo_loss: 0.2567567567567568
model_name: JOPLEn
params:
  SquaredFNorm_lam: 0.002487413207947708
  cell_model: CellModel.constant
  loss_fn: LogisticLoss
  max_iters: 100000
  mu: 1.0e-05
  n_cells: 4
  n_partitions: 21
  partitioner: LinearForestPartition
  random_state: 0
  verbose: false
test_score: 0.5805727604157174
train_time: 4.135822057723999
val_score: 0.5843009654515179
