contains_categorical: postprocessed
dummy_loss: 12.191235705142565
dummy_metadata:
  auc: 0.5
  zo_loss: 0.3382352941176471
metadata:
  n_epochs: 623
  test:
    auc: 0.633816425120773
    zo_loss: 0.32352941176470584
  val:
    auc: 0.7151851851851851
    zo_loss: 0.3037037037037037
model_name: JOPLEn
params:
  SquaredFNorm_lam: 1000.0
  cell_model: CellModel.linear
  loss_fn: LogisticLoss
  max_iters: 100000
  mu: 1.0
  n_cells: 12
  n_partitions: 10
  partitioner: VPartition
  random_state: 0
  verbose: false
test_score: 0.6284412060201218
train_time: 1.6636946201324463
val_score: 0.569921465741952
