contains_categorical: postprocessed
dummy_loss: 16.277778949923878
dummy_metadata:
  auc: 0.5
  zo_loss: 0.4516129032258065
metadata:
  n_epochs: 108
  test:
    auc: 0.7983193277310925
    zo_loss: 0.25806451612903225
  val:
    auc: 0.8430735930735931
    zo_loss: 0.24590163934426235
model_name: JOPLEn
params:
  SquaredFNorm_lam: 0.001639759831052093
  SquaredLaplacian_lam: 0.0002811765060389947
  SquaredLaplacian_laplacian_type: LaplacianType.NORMALIZED
  SquaredLaplacian_sigma: 0.0137350512132513
  cell_model: CellModel.linear
  loss_fn: LogisticLoss
  max_iters: 100000
  mu: 5.173453039556521
  n_cells: 6
  n_partitions: 22
  partitioner: RFPartition
  random_state: 0
  verbose: false
test_score: 0.513312899756948
train_time: 0.3752138614654541
val_score: 0.47329428347504493
