contains_categorical: false
dummy_loss: 6.553391525294028
dummy_metadata:
  auc: 0.5
  zo_loss: 0.18181818181818177
metadata:
  n_epochs: 325
  test:
    auc: 0.5555555555555556
    zo_loss: 0.2727272727272727
  val:
    auc: 1.0
    zo_loss: 0.045454545454545414
model_name: JOPLEn
params:
  GroupInf1Norm_lam: 0.07031770537711429
  cell_model: CellModel.linear
  loss_fn: LogisticLoss
  max_iters: 100000
  mu: 3.037832487595339
  n_cells: 2
  n_partitions: 33
  partitioner: VPartition
  random_state: 0
  verbose: false
test_score: 1.2111710166631982
train_time: 1.0015392303466797
val_score: 0.10998922774449879
