contains_categorical: false
dummy_loss: 16.019401506274292
dummy_metadata:
  auc: 0.5
  zo_loss: 0.4444444444444444
metadata:
  n_epochs: 108
  test:
    auc: 0.6
    zo_loss: 0.2222222222222222
  val:
    auc: 0.8571428571428571
    zo_loss: 0.16666666666666663
model_name: JOPLEn
params:
  L1Norm_lam: 0.0001798318370086571
  cell_model: CellModel.constant
  loss_fn: LogisticLoss
  max_iters: 100000
  mu: 5.051334966417877
  n_cells: 2
  n_partitions: 99
  partitioner: LinearForestPartition
  random_state: 0
  verbose: false
test_score: 0.5962772695044651
train_time: 0.32857537269592285
val_score: 0.39333159333907
