contains_categorical: postprocessed
dummy_loss: 13.63813912020649
dummy_metadata:
  auc: 0.5
  zo_loss: 0.3783783783783784
metadata:
  n_epochs: 157
  test:
    auc: 0.6645962732919255
    zo_loss: 0.29729729729729726
  val:
    auc: 0.735224586288416
    zo_loss: 0.32432432432432434
model_name: JOPLEn
params:
  GroupInf1Norm_lam: 0.025164425781620616
  cell_model: CellModel.linear
  loss_fn: LogisticLoss
  max_iters: 100000
  mu: 5.181123768684943
  n_cells: 2
  n_partitions: 197
  partitioner: VPartition
  random_state: 0
  verbose: false
test_score: 0.6335224213052157
train_time: 0.5196490287780762
val_score: 0.5792156743778917
