contains_categorical: postprocessed
dummy_loss: 10.813096016735146
dummy_metadata:
  auc: 0.5
  zo_loss: 0.30000000000000004
metadata:
  n_epochs: 251
  test:
    auc: 0.6238095238095238
    zo_loss: 0.32999999999999996
  val:
    auc: 0.7359523809523809
    zo_loss: 0.29000000000000004
model_name: JOPLEn
params:
  GroupInf1Norm_lam: 1000.0
  SquaredFNorm_lam: 1.0e-05
  cell_model: CellModel.linear
  loss_fn: LogisticLoss
  max_iters: 100000
  n_cells: 4
  n_partitions: 274
  partitioner: LinearForestPartition
  random_state: 0
  verbose: false
test_score: 0.6083448695862068
train_time: 1.1504106521606445
val_score: 0.5458182263230938
