contains_categorical: false
dummy_loss: 15.769098357738756
dummy_metadata:
  auc: 0.5
  zo_loss: 0.4375
metadata:
  n_epochs: 75229
  test:
    auc: 1.0
    zo_loss: 0.0
  val:
    auc: 1.0
    zo_loss: 0.0
model_name: JOPLEn
params:
  SquaredFNorm_lam: 0.006064832444522727
  cell_model: CellModel.linear
  loss_fn: LogisticLoss
  max_iters: 100000
  mu: 9.518269582632781
  n_cells: 24
  n_partitions: 137
  partitioner: RFPartition
  random_state: 0
  verbose: false
test_score: 1.1920929665620916e-07
train_time: 195.4665150642395
val_score: 1.192092966562092e-07
