contains_categorical: postprocessed
dummy_loss: 2.669900251045715
dummy_metadata:
  auc: 0.5
  zo_loss: 0.07407407407407407
metadata:
  n_epochs: 136
  test:
    auc: 1.0
    zo_loss: 0.03703703703703709
  val:
    auc: 1.0
    zo_loss: 0.0
model_name: JOPLEn
params:
  SquaredFNorm_lam: 7.674523755639994e-05
  cell_model: CellModel.linear
  loss_fn: LogisticLoss
  max_iters: 100000
  mu: 1.0
  n_cells: 10
  n_partitions: 629
  partitioner: VPartition
  random_state: 0
  verbose: false
test_score: 0.42026925968563056
train_time: 0.6506602764129639
val_score: 4.3481337290610487e-05
