contains_categorical: postprocessed
dummy_loss: 16.193525435690322
dummy_metadata:
  auc: 0.5
  zo_loss: 0.4492753623188406
metadata:
  n_epochs: 133
  test:
    auc: 0.8667232597623089
    zo_loss: 0.23188405797101452
  val:
    auc: 0.8022141792633597
    zo_loss: 0.26086956521739135
model_name: JOPLEn
params:
  SquaredFNorm_lam: 93.06423346638509
  SquaredLaplacian_lam: 0.03350825424400955
  SquaredLaplacian_laplacian_type: LaplacianType.NORMALIZED
  SquaredLaplacian_sigma: 0.15742863795390002
  cell_model: CellModel.linear
  loss_fn: LogisticLoss
  max_iters: 100000
  mu: 8.928273601200843
  n_cells: 11
  n_partitions: 76
  partitioner: RFPartition
  random_state: 0
  verbose: false
test_score: 0.4583673785914706
train_time: 0.5075662136077881
val_score: 0.5281654880095493
