contains_categorical: false
dummy_loss: 13.279240722306321
dummy_metadata:
  auc: 0.5
  zo_loss: 0.368421052631579
metadata:
  n_epochs: 143
  test:
    auc: 0.9933862433862434
    zo_loss: 0.03508771929824561
  val:
    auc: 0.9832951195545366
    zo_loss: 0.04385964912280704
model_name: JOPLEn
params:
  SquaredFNorm_lam: 0.015786117146650482
  cell_model: CellModel.constant
  loss_fn: LogisticLoss
  max_iters: 100000
  mu: 8.779528567178438
  n_cells: 8
  n_partitions: 298
  partitioner: RFPartition
  random_state: 0
  verbose: false
test_score: 0.10402277065739195
train_time: 0.902148962020874
val_score: 0.13362649559492784
