contains_categorical: false
dummy_loss: 1.0161778890584763
dummy_metadata: {}
metadata:
  test: {}
  val: {}
model_name: MultiTaskTrees
params:
  alpha: 10.0
  batch_size: 32
  depth: 2
  epochs: 10000
  learning_rate: 0.008495018528120133
  loss_criteria: mse
  num_tasks: 1
  num_trees: 444
  power: 0.042812578044442946
test_score: 0.49411879937068826
train_time: 3.187023401260376
val_score: 0.39255295028449927
