contains_categorical: false
dummy_loss: 16.961719241937484
dummy_metadata:
  auc: 0.5
  zo_loss: 0.47058823529411764
metadata:
  n_epochs: 184
  test:
    auc: 0.8333333333333333
    zo_loss: 0.17647058823529416
  val:
    auc: 0.8703703703703705
    zo_loss: 0.24242424242424243
model_name: JOPLEn
params:
  SquaredFNorm_lam: 8.650358447625934e-05
  cell_model: CellModel.constant
  loss_fn: LogisticLoss
  max_iters: 100000
  mu: 9.470639130963644
  n_cells: 2
  n_partitions: 268
  partitioner: LinearForestPartition
  random_state: 0
  verbose: false
test_score: 0.48404371267175356
train_time: 0.6753978729248047
val_score: 0.4848970769015506
