contains_categorical: postprocessed
dummy_loss: 13.14091529811563
dummy_metadata:
  auc: 0.5
  zo_loss: 0.36458333333333337
metadata:
  n_epochs: 205
  test:
    auc: 0.9892271662763465
    zo_loss: 0.0625
  val:
    auc: 0.9848002827854365
    zo_loss: 0.05729166666666663
model_name: JOPLEn
params:
  SquaredFNorm_lam: 0.3001970859422831
  cell_model: CellModel.linear
  loss_fn: LogisticLoss
  max_iters: 100000
  mu: 9.283112890625139
  n_cells: 2
  n_partitions: 34
  partitioner: GBPartition
  random_state: 0
  verbose: false
test_score: 0.14937084325757063
train_time: 0.6308438777923584
val_score: 0.1493023279813136
