contains_categorical: postprocessed
dummy_loss: 6.007275564852859
dummy_metadata:
  auc: 0.5
  zo_loss: 0.16666666666666663
metadata:
  test:
    auc: 0.4111111111111111
    zo_loss: 0.16666666666666663
  val:
    auc: 0.48387096774193555
    zo_loss: 0.13888888888888884
model_name: ExtraTreesClassifier
params:
  criterion: log_loss
  max_depth: 1
  max_features: 1
  max_leaf_nodes: 7
  n_estimators: 10
  random_state: 0
test_score: 0.45853497111906777
train_time: 0.007360696792602539
val_score: 0.4056443263727785
