contains_categorical: postprocessed
dummy_loss: 12.014551129705717
dummy_metadata:
  auc: 0.5
  zo_loss: 0.33333333333333337
metadata:
  n_epochs: 109
  test:
    auc: 1.0
    zo_loss: 0.0
  val:
    auc: 0.96875
    zo_loss: 0.08333333333333337
model_name: JOPLEn
params:
  L1Norm_lam: 0.009191605967523784
  cell_model: CellModel.constant
  loss_fn: LogisticLoss
  max_iters: 100000
  mu: 3.253496241579928
  n_cells: 5
  n_partitions: 71
  partitioner: RFPartition
  random_state: 0
  verbose: false
test_score: 0.09192393381067558
train_time: 0.31795454025268555
val_score: 0.21412157617611605
