contains_categorical: postprocessed
dummy_loss: 10.813096016735146
dummy_metadata:
  auc: 0.5
  zo_loss: 0.30000000000000004
metadata:
  n_epochs: 130
  test:
    auc: 0.618095238095238
    zo_loss: 0.38
  val:
    auc: 0.7359523809523809
    zo_loss: 0.29000000000000004
model_name: JOPLEn
params:
  L1Norm_lam: 2.704442163216388e-05
  cell_model: CellModel.constant
  loss_fn: LogisticLoss
  max_iters: 100000
  mu: 5.440727612971722
  n_cells: 4
  n_partitions: 277
  partitioner: LinearForestPartition
  random_state: 0
  verbose: false
test_score: 0.6184756878348227
train_time: 0.6129393577575684
val_score: 0.5462520787854036
