contains_categorical: false
dummy_loss: 6.553391525294028
dummy_metadata:
  auc: 0.5
  zo_loss: 0.18181818181818177
metadata:
  test:
    auc: 0.6666666666666666
    zo_loss: 0.2727272727272727
  val:
    auc: 1.0
    zo_loss: 0.045454545454545414
model_name: RandomForestClassifier
params:
  ccp_alpha: 0.01567290186364762
  criterion: log_loss
  max_depth: 4
  max_leaf_nodes: 24
  n_estimators: 10
  n_jobs: -1
  random_state: 0
test_score: 0.5615054702192923
train_time: 0.05292367935180664
val_score: 0.10576882713880363
