contains_categorical: false
dummy_loss: 16.019401506274292
dummy_metadata:
  auc: 0.5
  zo_loss: 0.4444444444444444
metadata:
  n_epochs: 42
  test:
    auc: 0.65
    zo_loss: 0.2222222222222222
  val:
    auc: 0.935064935064935
    zo_loss: 0.2222222222222222
model_name: JOPLEn
params:
  Group21Norm_lam: 0.004743812587165553
  cell_model: CellModel.linear
  loss_fn: LogisticLoss
  max_iters: 100000
  mu: 1.0
  n_cells: 2
  n_partitions: 683
  partitioner: VPartition
  random_state: 0
  verbose: false
test_score: 0.5943488518771762
train_time: 0.4053049087524414
val_score: 0.38605976141243276
