contains_categorical: false
dummy_loss: 13.279240722306321
dummy_metadata:
  auc: 0.5
  zo_loss: 0.368421052631579
metadata:
  test:
    auc: 0.9788359788359788
    zo_loss: 0.1228070175438597
  val:
    auc: 0.9688830658368818
    zo_loss: 0.08771929824561409
model_name: ExtraTreesClassifier
params:
  criterion: log_loss
  max_depth: 5
  max_features: 1
  max_leaf_nodes: 27
  n_estimators: 10
  random_state: 0
test_score: 0.34630328465115356
train_time: 0.007894754409790039
val_score: 0.3185137062645212
