contains_categorical: false
dummy_loss: 17.506917360428332
dummy_metadata:
  auc: 0.5
  zo_loss: 0.48571428571428577
metadata:
  n_epochs: 197
  test:
    auc: 0.7287581699346406
    zo_loss: 0.2857142857142857
  val:
    auc: 0.5865546218487394
    zo_loss: 0.4492753623188406
model_name: JOPLEn
params:
  L1Norm_lam: 1.0e-05
  cell_model: CellModel.constant
  loss_fn: LogisticLoss
  max_iters: 100000
  mu: 1.0e-05
  n_cells: 2
  n_partitions: 1000
  partitioner: RFPartition
  random_state: 0
  verbose: false
test_score: 0.6449432624403695
train_time: 1.3396196365356445
val_score: 0.684955036843767
