contains_categorical: postprocessed
dummy_loss: 12.270179877146266
dummy_metadata:
  auc: 0.5
  zo_loss: 0.34042553191489366
metadata:
  n_epochs: 138
  test:
    auc: 0.7298387096774194
    zo_loss: 0.36170212765957444
  val:
    auc: 0.7776639344262295
    zo_loss: 0.27956989247311825
model_name: JOPLEn
params:
  SquaredFNorm_lam: 0.006373747691475821
  cell_model: CellModel.constant
  loss_fn: LogisticLoss
  max_iters: 100000
  mu: 9.094838199377312
  n_cells: 2
  n_partitions: 299
  partitioner: RFPartition
  random_state: 0
  verbose: false
test_score: 0.5924769875324812
train_time: 0.7292768955230713
val_score: 0.5446087975500594
