contains_categorical: postprocessed
dummy_loss: 16.19352543569032
dummy_metadata:
  auc: 0.5
  zo_loss: 0.4492753623188406
metadata:
  test:
    auc: 0.8718166383701189
    zo_loss: 0.14492753623188404
  val:
    auc: 0.8773685331062381
    zo_loss: 0.17391304347826086
model_name: LinearForestClassifier
params:
  ccp_alpha: 0.0007322987428671821
  max_depth: 5
  max_leaf_nodes: 14
  n_estimators: 128
  random_state: 0
test_score: 0.5042754730535459
train_time: 0.11418914794921875
val_score: 0.5616101732931376
