contains_categorical: postprocessed
dummy_loss: 13.21600624267629
dummy_metadata:
  auc: 0.5
  zo_loss: 0.3666666666666667
metadata:
  n_epochs: 148
  test:
    auc: 0.8421052631578946
    zo_loss: 0.1333333333333333
  val:
    auc: 0.8364661654135338
    zo_loss: 0.1694915254237288
model_name: JOPLEn
params:
  SquaredFNorm_lam: 1.4052108638718673e-05
  SquaredLaplacian_lam: 0.0001498539041430435
  SquaredLaplacian_laplacian_type: LaplacianType.NORMALIZED
  SquaredLaplacian_sigma: 0.08035860003103913
  cell_model: CellModel.constant
  loss_fn: LogisticLoss
  max_iters: 100000
  mu: 4.37843576454028
  n_cells: 2
  n_partitions: 57
  partitioner: LinearForestPartition
  random_state: 0
  verbose: false
test_score: 0.4212306368875318
train_time: 0.5537655353546143
val_score: 0.46567423163381605
