contains_categorical: false
dummy_loss: 15.769098357738756
dummy_metadata:
  auc: 0.5
  zo_loss: 0.4375
metadata:
  n_epochs: 170
  test:
    auc: 0.9911816578483246
    zo_loss: 0.0625
  val:
    auc: 0.9911816578483246
    zo_loss: 0.03125
model_name: JOPLEn
params:
  Group21Norm_lam: 401.37357890686354
  cell_model: CellModel.linear
  loss_fn: LogisticLoss
  max_iters: 100000
  mu: 1.0
  n_cells: 32
  n_partitions: 220
  partitioner: VPartition
  random_state: 0
  verbose: false
test_score: 0.13030548085679533
train_time: 0.6813035011291504
val_score: 0.11369742085513568
