contains_categorical: false
dummy_loss: 13.27924072230632
dummy_metadata:
  auc: 0.5
  zo_loss: 0.368421052631579
metadata:
  n_epochs: 120
  test:
    auc: 0.9775132275132274
    zo_loss: 0.01754385964912286
  val:
    auc: 0.9977071732721913
    zo_loss: 0.02631578947368418
model_name: JOPLEn
params:
  GroupInf1Norm_lam: 0.013328378714941282
  cell_model: CellModel.linear
  loss_fn: LogisticLoss
  max_iters: 100000
  mu: 1.0
  n_cells: 32
  n_partitions: 305
  partitioner: VPartition
  random_state: 0
  verbose: false
test_score: 0.1607957888777455
train_time: 1.332521677017212
val_score: 0.06374470973638138
