contains_categorical: postprocessed
dummy_loss: 16.19352543569032
dummy_metadata:
  auc: 0.5
  zo_loss: 0.4492753623188406
metadata:
  test:
    auc: 0.8505942275042445
    zo_loss: 0.18840579710144922
  val:
    auc: 0.8509687034277198
    zo_loss: 0.1811594202898551
model_name: GradientBoostingClassifier
params:
  ccp_alpha: 0.001170607787609303
  criterion: squared_error
  learning_rate: 0.4534450106769034
  loss: log_loss
  max_depth: 5
  max_leaf_nodes: 25
  n_estimators: 259
  random_state: 0
test_score: 0.46007918143602844
train_time: 0.19672489166259766
val_score: 0.4607206661401126
