contains_categorical: postprocessed
dummy_loss: 7.20873067782343
dummy_metadata:
  auc: 0.5
  zo_loss: 0.19999999999999996
metadata:
  n_epochs: 177
  test:
    auc: 1.0
    zo_loss: 0.0
  val:
    auc: 0.9833333333333334
    zo_loss: 0.10526315789473684
model_name: JOPLEn
params:
  L1Norm_lam: 1.0e-05
  cell_model: CellModel.constant
  loss_fn: LogisticLoss
  max_iters: 100000
  mu: 3.1341169705171668
  n_cells: 2
  n_partitions: 329
  partitioner: VPartition
  random_state: 0
  verbose: false
test_score: 0.018059202750742763
train_time: 0.5685086250305176
val_score: 0.18708171734637236
