contains_categorical: postprocessed
dummy_loss: 15.44728002390735
dummy_metadata:
  auc: 0.5
  zo_loss: 0.4285714285714286
metadata:
  n_epochs: 175
  test:
    auc: 0.9791666666666667
    zo_loss: 0.0714285714285714
  val:
    auc: 0.8736263736263736
    zo_loss: 0.18518518518518523
model_name: JOPLEn
params:
  SquaredFNorm_lam: 84.81679506997706
  cell_model: CellModel.linear
  loss_fn: LogisticLoss
  max_iters: 100000
  mu: 5.033870012623339
  n_cells: 2
  n_partitions: 433
  partitioner: GBPartition
  random_state: 0
  verbose: false
test_score: 0.22160118888185157
train_time: 0.5677931308746338
val_score: 0.45481719576869206
