contains_categorical: false
dummy_loss: 4.127513773424625
dummy_metadata: {}
metadata:
  test: {}
  val: {}
model_name: MultiTaskTrees
params:
  alpha: 0.00828688580218859
  batch_size: 256
  depth: 2
  epochs: 10000
  learning_rate: 0.001
  loss_criteria: mse
  num_tasks: 1
  num_trees: 3
  power: 0.03347463728400731
test_score: 8.543480059142167
train_time: 30.56326174736023
val_score: 8.307338756094378
