contains_categorical: postprocessed
dummy_loss: 7.20873067782343
dummy_metadata:
  auc: 0.5
  zo_loss: 0.19999999999999996
metadata:
  n_epochs: 553
  test:
    auc: 0.8125
    zo_loss: 0.19999999999999996
  val:
    auc: 1.0
    zo_loss: 0.09999999999999998
model_name: JOPLEn
params:
  SquaredFNorm_lam: 0.0010226051360127943
  SquaredLaplacian_lam: 5.0783687117574445e-05
  SquaredLaplacian_laplacian_type: LaplacianType.LEFT_NORMALIZED
  SquaredLaplacian_sigma: 0.8967485813473944
  cell_model: CellModel.linear
  loss_fn: LogisticLoss
  max_iters: 100000
  mu: 7.07751745941287
  n_cells: 2
  n_partitions: 288
  partitioner: LinearForestPartition
  random_state: 0
  verbose: false
test_score: 0.6899897230223503
train_time: 1.9579639434814453
val_score: 0.13651679759100466
