contains_categorical: false
dummy_loss: 16.019401506274292
dummy_metadata:
  auc: 0.5
  zo_loss: 0.4444444444444444
metadata:
  n_epochs: 138
  test:
    auc: 0.7
    zo_loss: 0.5555555555555556
  val:
    auc: 0.9025974025974026
    zo_loss: 0.16666666666666663
model_name: JOPLEn
params:
  SquaredFNorm_lam: 3.782202971273054e-05
  cell_model: CellModel.constant
  loss_fn: LogisticLoss
  max_iters: 100000
  mu: 5.399837534130183
  n_cells: 3
  n_partitions: 10
  partitioner: RFPartition
  random_state: 0
  verbose: false
test_score: 0.8519609713606395
train_time: 0.41406846046447754
val_score: 0.39487753789830277
