contains_categorical: false
dummy_loss: 18.74269976234092
dummy_metadata:
  auc: 0.5
  zo_loss: 0.52
metadata:
  n_epochs: 2571
  test:
    auc: 0.9487179487179487
    zo_loss: 0.19999999999999996
  val:
    auc: 0.9663999999999999
    zo_loss: 0.12
model_name: JOPLEn
params:
  SquaredFNorm_lam: 0.005088616258499251
  SquaredLaplacian_lam: 1.0e-05
  SquaredLaplacian_laplacian_type: LaplacianType.NORMALIZED
  SquaredLaplacian_sigma: 6.002117867142783e-05
  cell_model: CellModel.constant
  loss_fn: LogisticLoss
  max_iters: 100000
  mu: 1.0e-05
  n_cells: 32
  n_partitions: 259
  partitioner: VPartition
  random_state: 0
  verbose: false
test_score: 0.5424805658744434
train_time: 8.350445032119751
val_score: 0.22787566220171518
