contains_categorical: postprocessed
dummy_loss: 16.01940150627429
dummy_metadata:
  auc: 0.5
  zo_loss: 0.4444444444444444
metadata:
  n_epochs: 247
  test:
    auc: 0.8111111111111111
    zo_loss: 0.2222222222222222
  val:
    auc: 0.8291666666666667
    zo_loss: 0.2407407407407407
model_name: JOPLEn
params:
  GroupInf1Norm_lam: 1.7715136254609605
  SquaredFNorm_lam: 0.3864868736824637
  cell_model: CellModel.linear
  loss_fn: LogisticLoss
  max_iters: 100000
  n_cells: 2
  n_partitions: 226
  partitioner: LinearForestPartition
  random_state: 0
  verbose: false
test_score: 0.52838749091009
train_time: 1.079695701599121
val_score: 0.5046141379413549
