contains_categorical: false
dummy_loss: 6.553391525294028
dummy_metadata:
  auc: 0.5
  zo_loss: 0.18181818181818177
metadata:
  n_epochs: 173
  test:
    auc: 0.7777777777777778
    zo_loss: 0.2727272727272727
  val:
    auc: 1.0
    zo_loss: 0.0
model_name: JOPLEn
params:
  SquaredFNorm_lam: 0.06008997490756194
  SquaredLaplacian_lam: 5.312115096399326e-05
  SquaredLaplacian_laplacian_type: LaplacianType.NORMALIZED
  SquaredLaplacian_sigma: 0.002458281947382176
  cell_model: CellModel.linear
  loss_fn: LogisticLoss
  max_iters: 100000
  mu: 2.84519514955568
  n_cells: 24
  n_partitions: 311
  partitioner: GBPartition
  random_state: 0
  verbose: false
test_score: 1.7452688242442187
train_time: 0.6580460071563721
val_score: 0.023569979200790014
