contains_categorical: false
dummy_loss: 12.638683655924195
dummy_metadata:
  auc: 0.5
  zo_loss: 0.35064935064935066
metadata:
  n_epochs: 237
  test:
    auc: 0.8348148148148148
    zo_loss: 0.24675324675324672
  val:
    auc: 0.822037037037037
    zo_loss: 0.22077922077922074
model_name: JOPLEn
params:
  SquaredFNorm_lam: 0.015840740984531896
  SquaredLaplacian_lam: 1.0e-05
  SquaredLaplacian_laplacian_type: LaplacianType.NORMALIZED
  SquaredLaplacian_sigma: 1.69421978792337e-05
  cell_model: CellModel.linear
  loss_fn: LogisticLoss
  max_iters: 100000
  mu: 1.0e-05
  n_cells: 25
  n_partitions: 1000
  partitioner: GBPartition
  random_state: 0
  verbose: false
test_score: 0.4711608727174157
train_time: 2.442608594894409
val_score: 0.4892256331350778
