contains_categorical: postprocessed
dummy_loss: 10.813096016735146
dummy_metadata:
  auc: 0.5
  zo_loss: 0.30000000000000004
metadata:
  n_epochs: 113
  test:
    auc: 0.5919047619047619
    zo_loss: 0.32999999999999996
  val:
    auc: 0.6627380952380951
    zo_loss: 0.29500000000000004
model_name: JOPLEn
params:
  L1Norm_lam: 0.00018359533041726974
  cell_model: CellModel.constant
  loss_fn: LogisticLoss
  max_iters: 100000
  mu: 3.8661319071716083
  n_cells: 23
  n_partitions: 1000
  partitioner: RFPartition
  random_state: 0
  verbose: false
test_score: 0.6346527073243837
train_time: 2.9341776371002197
val_score: 0.5765375930449192
