contains_categorical: false
dummy_loss: 17.163644471008165
dummy_metadata:
  auc: 0.5
  zo_loss: 0.47619047619047616
metadata:
  n_epochs: 3684
  test:
    auc: 0.9818181818181817
    zo_loss: 0.09523809523809523
  val:
    auc: 0.9636363636363635
    zo_loss: 0.09523809523809523
model_name: JOPLEn
params:
  SquaredFNorm_lam: 1.0e-05
  cell_model: CellModel.constant
  loss_fn: LogisticLoss
  max_iters: 100000
  mu: 1.0e-05
  n_cells: 32
  n_partitions: 209
  partitioner: VPartition
  random_state: 0
  verbose: false
test_score: 0.23699714755244292
train_time: 9.434116840362549
val_score: 0.24467337660837488
