contains_categorical: postprocessed
dummy_loss: 12.35782401912588
dummy_metadata:
  auc: 0.5
  zo_loss: 0.34285714285714286
metadata:
  n_epochs: 109
  test:
    auc: 0.9171195652173914
    zo_loss: 0.09999999999999998
  val:
    auc: 0.9744112318840579
    zo_loss: 0.05714285714285716
model_name: JOPLEn
params:
  SquaredFNorm_lam: 5.1783019205308385
  cell_model: CellModel.linear
  loss_fn: LogisticLoss
  max_iters: 100000
  mu: 1.0
  n_cells: 15
  n_partitions: 91
  partitioner: VPartition
  random_state: 0
  verbose: false
test_score: 0.37335374322857673
train_time: 0.3709750175476074
val_score: 0.1762052509631669
