contains_categorical: false
dummy_loss: 1.0475748175484354
dummy_metadata: {}
metadata:
  test: {}
  val: {}
model_name: MultiTaskTrees
params:
  alpha: 0.0004984688145456734
  batch_size: 16
  depth: 4
  epochs: 10000
  learning_rate: 0.005091832333515804
  loss_criteria: mse
  num_tasks: 1
  num_trees: 677
  power: 100.0
test_score: 0.29579466305927554
train_time: 19.62784194946289
val_score: 0.2927604347264074
