contains_categorical: postprocessed
dummy_loss: 12.35782401912588
dummy_metadata:
  auc: 0.5
  zo_loss: 0.34285714285714286
metadata:
  n_epochs: 113
  test:
    auc: 0.9189311594202899
    zo_loss: 0.09999999999999998
  val:
    auc: 0.9766757246376812
    zo_loss: 0.07857142857142863
model_name: JOPLEn
params:
  SquaredFNorm_lam: 0.0008050929416044039
  SquaredLaplacian_lam: 0.0005247098017044263
  SquaredLaplacian_laplacian_type: LaplacianType.LEFT_NORMALIZED
  SquaredLaplacian_sigma: 0.05448599523816794
  cell_model: CellModel.constant
  loss_fn: LogisticLoss
  max_iters: 100000
  mu: 8.798925958595888
  n_cells: 8
  n_partitions: 223
  partitioner: GBPartition
  random_state: 0
  verbose: false
test_score: 0.30692708550112713
train_time: 0.48659348487854004
val_score: 0.165721926131487
