contains_categorical: false
dummy_loss: 16.961719241937484
dummy_metadata:
  auc: 0.5
  zo_loss: 0.47058823529411764
metadata:
  n_epochs: 112
  test:
    auc: 1.0
    zo_loss: 0.17647058823529416
  val:
    auc: 0.8814814814814815
    zo_loss: 0.21212121212121215
model_name: JOPLEn
params:
  SquaredFNorm_lam: 4.540321456944509
  SquaredLaplacian_lam: 0.06647490999492439
  SquaredLaplacian_laplacian_type: LaplacianType.NORMALIZED
  SquaredLaplacian_sigma: 1.0e-05
  cell_model: CellModel.linear
  loss_fn: LogisticLoss
  max_iters: 100000
  mu: 4.4702691827773
  n_cells: 23
  n_partitions: 54
  partitioner: RFPartition
  random_state: 0
  verbose: false
test_score: 0.25563436070235107
train_time: 0.3972628116607666
val_score: 0.4508089022488207
