contains_categorical: postprocessed
dummy_loss: 16.19352543569032
dummy_metadata:
  auc: 0.5
  zo_loss: 0.4492753623188406
metadata:
  n_epochs: 112
  test:
    auc: 0.8709677419354839
    zo_loss: 0.1159420289855072
  val:
    auc: 0.8714072812433468
    zo_loss: 0.1811594202898551
model_name: JOPLEn
params:
  SquaredFNorm_lam: 3.0302001061630155
  cell_model: CellModel.linear
  loss_fn: LogisticLoss
  max_iters: 100000
  mu: 8.819515429955308
  n_cells: 14
  n_partitions: 364
  partitioner: RFPartition
  random_state: 0
  verbose: false
test_score: 0.3908782470263086
train_time: 0.6574437618255615
val_score: 0.4350113751628232
