contains_categorical: postprocessed
dummy_loss: 11.185961396622565
dummy_metadata:
  auc: 0.5
  zo_loss: 0.31034482758620685
metadata:
  n_epochs: 148
  test:
    auc: 0.6888888888888889
    zo_loss: 0.31034482758620685
  val:
    auc: 0.5631276901004304
    zo_loss: 0.2931034482758621
model_name: JOPLEn
params:
  SquaredFNorm_lam: 381.2257035107369
  cell_model: CellModel.linear
  loss_fn: LogisticLoss
  max_iters: 100000
  mu: 5.568982860442482
  n_cells: 2
  n_partitions: 47
  partitioner: LinearForestPartition
  random_state: 0
  verbose: false
test_score: 0.6003502625642562
train_time: 0.4066596031188965
val_score: 0.5967884359688861
