contains_categorical: postprocessed
dummy_loss: 21.626192033470293
dummy_metadata:
  auc: 0.5
  zo_loss: 0.6
metadata:
  n_epochs: 110
  test:
    auc: 0.3333333333333333
    zo_loss: 0.6
  val:
    auc: 0.6799999999999999
    zo_loss: 0.4
model_name: JOPLEn
params:
  SquaredFNorm_lam: 19.194799323694685
  cell_model: CellModel.linear
  loss_fn: LogisticLoss
  max_iters: 100000
  mu: 4.980604682271268
  n_cells: 16
  n_partitions: 176
  partitioner: LinearForestPartition
  random_state: 0
  verbose: false
test_score: 0.7459308639299473
train_time: 0.3834199905395508
val_score: 0.6718701400043409
