contains_categorical: postprocessed
dummy_loss: 10.813096016735146
dummy_metadata:
  auc: 0.5
  zo_loss: 0.30000000000000004
metadata:
  n_epochs: 435
  test:
    auc: 1.0
    zo_loss: 0.0
  val:
    auc: 1.0
    zo_loss: 0.0
model_name: JOPLEn
params:
  GroupInf1Norm_lam: 1.6742618540451784
  SquaredFNorm_lam: 24.111987811146072
  cell_model: CellModel.linear
  loss_fn: LogisticLoss
  max_iters: 100000
  n_cells: 2
  n_partitions: 14
  partitioner: LinearForestPartition
  random_state: 0
  verbose: false
test_score: 0.015833866265503187
train_time: 1.3951740264892578
val_score: 0.012384343266894032
