contains_categorical: false
dummy_loss: 13.27924072230632
dummy_metadata:
  auc: 0.5
  zo_loss: 0.368421052631579
metadata:
  n_epochs: 2479
  test:
    auc: 0.9656084656084657
    zo_loss: 0.08771929824561409
  val:
    auc: 0.998689813298395
    zo_loss: 0.01754385964912286
model_name: JOPLEn
params:
  Group21Norm_lam: 1.0e-05
  SquaredFNorm_lam: 1000.0
  cell_model: CellModel.linear
  loss_fn: LogisticLoss
  max_iters: 100000
  n_cells: 2
  n_partitions: 174
  partitioner: LinearForestPartition
  random_state: 0
  verbose: false
test_score: 0.34492491684943244
train_time: 8.402910470962524
val_score: 0.05285924463455707
