contains_categorical: false
dummy_loss: 18.74269976234092
dummy_metadata:
  auc: 0.5
  zo_loss: 0.52
metadata:
  n_epochs: 113
  test:
    auc: 0.9487179487179487
    zo_loss: 0.19999999999999996
  val:
    auc: 0.9663999999999999
    zo_loss: 0.09999999999999998
model_name: JOPLEn
params:
  L1Norm_lam: 0.00024466795619652664
  cell_model: CellModel.constant
  loss_fn: LogisticLoss
  max_iters: 100000
  mu: 5.0740090832944444
  n_cells: 12
  n_partitions: 52
  partitioner: VPartition
  random_state: 0
  verbose: false
test_score: 0.7728062214882315
train_time: 0.3127603530883789
val_score: 0.2110578432817241
