contains_categorical: postprocessed
dummy_loss: 16.277778949923878
dummy_metadata:
  auc: 0.5
  zo_loss: 0.4516129032258065
metadata:
  n_epochs: 178
  test:
    auc: 0.8571428571428571
    zo_loss: 0.25806451612903225
  val:
    auc: 0.800865800865801
    zo_loss: 0.29508196721311475
model_name: JOPLEn
params:
  Group21Norm_lam: 0.0012831679533467468
  SquaredFNorm_lam: 1000.0
  cell_model: CellModel.linear
  loss_fn: LogisticLoss
  max_iters: 100000
  n_cells: 2
  n_partitions: 1000
  partitioner: LinearForestPartition
  random_state: 0
  verbose: false
test_score: 0.4678192494711707
train_time: 1.354041576385498
val_score: 0.5397503872115791
