contains_categorical: false
dummy_loss: 0.9881674089686275
dummy_metadata: {}
metadata:
  test: {}
  val: {}
model_name: XGBRegressor
params:
  early_stopping_rounds: 52
  learning_rate: 0.275670158633261
  max_leaves: 25
  n_estimators: 78
  objective: reg:squarederror
  random_state: 0
  reg_alpha: 1.009393490453963
  reg_lambda: 0.00030259016470895393
  verbosity: 0
test_score: 0.3155159548691572
train_time: 0.28824400901794434
val_score: 0.33277806168136026
