contains_categorical: false
dummy_loss: 0.9220921286342436
dummy_metadata: {}
metadata:
  test: {}
  val: {}
model_name: MultiTaskTrees
params:
  alpha: 0.005417804933915472
  batch_size: 16
  depth: 3
  epochs: 10000
  learning_rate: 0.027080747950391622
  loss_criteria: mse
  num_tasks: 1
  num_trees: 1
  power: 0.3268431997039159
test_score: 0.39055467989465864
train_time: 8.925392627716064
val_score: 0.3344517644288694
