contains_categorical: false
dummy_loss: 16.019401506274292
dummy_metadata:
  auc: 0.5
  zo_loss: 0.4444444444444444
metadata:
  n_epochs: 113
  test:
    auc: 0.5
    zo_loss: 0.6666666666666667
  val:
    auc: 0.935064935064935
    zo_loss: 0.2222222222222222
model_name: JOPLEn
params:
  SquaredFNorm_lam: 0.0012369892766798856
  cell_model: CellModel.linear
  loss_fn: LogisticLoss
  max_iters: 100000
  mu: 3.6069667131959737
  n_cells: 2
  n_partitions: 253
  partitioner: RFPartition
  random_state: 0
  verbose: false
test_score: 0.804917138361722
train_time: 0.73683762550354
val_score: 0.38247516320690367
