contains_categorical: postprocessed
dummy_loss: 0.5721214823669392
dummy_metadata:
  auc: 0.5
  zo_loss: 0.015873015873015928
metadata:
  n_epochs: 149
  test:
    auc: 0.9847670250896057
    zo_loss: 0.021164021164021163
  val:
    auc: 0.9077942497753818
    zo_loss: 0.011936339522546469
model_name: JOPLEn
params:
  SquaredFNorm_lam: 0.004984599892468489
  cell_model: CellModel.constant
  loss_fn: LogisticLoss
  max_iters: 100000
  mu: 2.860417626772378
  n_cells: 16
  n_partitions: 110
  partitioner: LinearForestPartition
  random_state: 0
  verbose: false
test_score: 0.049452018017147416
train_time: 0.7617018222808838
val_score: 0.04547990138063948
