contains_categorical: postprocessed
dummy_loss: 12.35782401912588
dummy_metadata:
  auc: 0.5
  zo_loss: 0.34285714285714286
metadata:
  n_epochs: 161
  test:
    auc: 1.0
    zo_loss: 0.014285714285714235
  val:
    auc: 0.9735054347826086
    zo_loss: 0.0714285714285714
model_name: JOPLEn
params:
  SquaredFNorm_lam: 0.006381257433917974
  cell_model: CellModel.linear
  loss_fn: LogisticLoss
  max_iters: 100000
  mu: 4.587502667240162
  n_cells: 27
  n_partitions: 10
  partitioner: GBPartition
  random_state: 0
  verbose: false
test_score: 0.06861529605177794
train_time: 0.42565083503723145
val_score: 0.17936138490621523
