contains_categorical: postprocessed
dummy_loss: 6.758185010459466
dummy_metadata:
  auc: 0.5
  zo_loss: 0.1875
metadata:
  n_epochs: 108
  test:
    auc: 0.5384615384615385
    zo_loss: 0.125
  val:
    auc: 0.7533333333333333
    zo_loss: 0.22580645161290325
model_name: JOPLEn
params:
  Group21Norm_lam: 1000.0
  cell_model: CellModel.linear
  loss_fn: LogisticLoss
  max_iters: 100000
  mu: 1.0
  n_cells: 2
  n_partitions: 303
  partitioner: VPartition
  random_state: 0
  verbose: false
test_score: 0.5043889045496716
train_time: 0.4221353530883789
val_score: 0.42865361887813996
