contains_categorical: false
dummy_loss: 6.553391525294028
dummy_metadata:
  auc: 0.5
  zo_loss: 0.18181818181818177
metadata:
  n_epochs: 105
  test:
    auc: 0.7777777777777778
    zo_loss: 0.2727272727272727
  val:
    auc: 0.9027777777777779
    zo_loss: 0.045454545454545414
model_name: JOPLEn
params:
  SquaredFNorm_lam: 2.033993654967391e-05
  SquaredLaplacian_lam: 0.00018386991990036524
  SquaredLaplacian_laplacian_type: LaplacianType.NORMALIZED
  SquaredLaplacian_sigma: 1.0e-05
  cell_model: CellModel.linear
  loss_fn: LogisticLoss
  max_iters: 100000
  mu: 1.0
  n_cells: 32
  n_partitions: 22
  partitioner: VPartition
  random_state: 0
  verbose: false
test_score: 0.7130863096559811
train_time: 0.35046982765197754
val_score: 0.20302329596318322
