contains_categorical: postprocessed
dummy_loss: 0.5721214823669392
dummy_metadata:
  auc: 0.5
  zo_loss: 0.015873015873015928
metadata:
  n_epochs: 130
  test:
    auc: 0.9807347670250897
    zo_loss: 0.015873015873015928
  val:
    auc: 0.8782569631626236
    zo_loss: 0.01591511936339518
model_name: JOPLEn
params:
  SquaredFNorm_lam: 0.012111782523034548
  cell_model: CellModel.constant
  loss_fn: LogisticLoss
  max_iters: 100000
  mu: 10.0
  n_cells: 2
  n_partitions: 253
  partitioner: GBPartition
  random_state: 0
  verbose: false
test_score: 0.04348832387095083
train_time: 0.9719991683959961
val_score: 0.05065806423695352
