contains_categorical: postprocessed
dummy_loss: 16.277778949923874
dummy_metadata:
  auc: 0.5
  zo_loss: 0.4516129032258065
metadata:
  n_epochs: 113
  test:
    auc: 0.7100840336134453
    zo_loss: 0.29032258064516125
  val:
    auc: 0.8041125541125542
    zo_loss: 0.2295081967213115
model_name: JOPLEn
params:
  SquaredFNorm_lam: 0.004149405735531641
  SquaredLaplacian_lam: 1.3210951534248578e-05
  SquaredLaplacian_laplacian_type: LaplacianType.LEFT_NORMALIZED
  SquaredLaplacian_sigma: 102.17598176404016
  cell_model: CellModel.linear
  loss_fn: LogisticLoss
  max_iters: 100000
  mu: 9.47399724968256
  n_cells: 2
  n_partitions: 376
  partitioner: GBPartition
  random_state: 0
  verbose: false
test_score: 0.7032973286777464
train_time: 0.5122101306915283
val_score: 0.5422469459471192
