contains_categorical: false
dummy_loss: 0.8744479406644686
dummy_metadata: {}
metadata:
  test: {}
  val: {}
model_name: MultiTaskTrees
params:
  alpha: 0.00016943589078913026
  batch_size: 256
  depth: 1
  epochs: 10000
  learning_rate: 0.027666015299439538
  loss_criteria: mse
  num_tasks: 1
  num_trees: 1000
  power: 0.002874678300963398
test_score: 0.7051318259523438
train_time: 4.029122352600098
val_score: 0.610500904136655
