contains_categorical: postprocessed
dummy_loss: 13.63813912020649
dummy_metadata:
  auc: 0.5
  zo_loss: 0.3783783783783784
metadata:
  n_epochs: 1548
  test:
    auc: 0.7236024844720497
    zo_loss: 0.2702702702702703
  val:
    auc: 0.7029156816390859
    zo_loss: 0.32432432432432434
model_name: JOPLEn
params:
  SquaredFNorm_lam: 0.00050842049465937
  cell_model: CellModel.constant
  loss_fn: LogisticLoss
  max_iters: 100000
  mu: 1.0e-05
  n_cells: 26
  n_partitions: 22
  partitioner: RFPartition
  random_state: 0
  verbose: false
test_score: 0.5655556029849474
train_time: 3.970712184906006
val_score: 0.6035384615320306
