contains_categorical: false
dummy_loss: 18.021826694558573
dummy_metadata:
  auc: 0.5
  zo_loss: 0.5
metadata:
  n_epochs: 103
  test:
    auc: 0.4785004031174415
    zo_loss: 0.5245901639344263
  val:
    auc: 0.5839765043371354
    zo_loss: 0.4380165289256198
model_name: JOPLEn
params:
  Group21Norm_lam: 8.42716245435305
  cell_model: CellModel.linear
  loss_fn: LogisticLoss
  max_iters: 100000
  mu: 5.861617785934078
  n_cells: 31
  n_partitions: 10
  partitioner: RFPartition
  random_state: 0
  verbose: false
test_score: 0.7152728974617011
train_time: 0.31320858001708984
val_score: 0.6827199332520811
