contains_categorical: postprocessed
dummy_loss: 11.15636890615531
dummy_metadata:
  auc: 0.5
  zo_loss: 0.30952380952380953
metadata:
  n_epochs: 124
  test:
    auc: 0.6193633952254642
    zo_loss: 0.2666666666666667
  val:
    auc: 0.6504995043087012
    zo_loss: 0.2761904761904762
model_name: JOPLEn
params:
  SquaredFNorm_lam: 0.002229623997026982
  SquaredLaplacian_lam: 0.0025523842621231977
  SquaredLaplacian_laplacian_type: LaplacianType.LEFT_NORMALIZED
  SquaredLaplacian_sigma: 0.3421573084161067
  cell_model: CellModel.linear
  loss_fn: LogisticLoss
  max_iters: 100000
  mu: 9.636919517760585
  n_cells: 4
  n_partitions: 51
  partitioner: LinearForestPartition
  random_state: 0
  verbose: false
test_score: 0.5849009437146695
train_time: 0.5654101371765137
val_score: 0.5880442997914116
