contains_categorical: postprocessed
dummy_loss: 10.813096016735146
dummy_metadata:
  auc: 0.5
  zo_loss: 0.30000000000000004
metadata:
  n_epochs: 182
  test:
    auc: 0.9047619047619048
    zo_loss: 0.19999999999999996
  val:
    auc: 0.96
    zo_loss: 0.15000000000000002
model_name: JOPLEn
params:
  Group21Norm_lam: 31.876864230165815
  cell_model: CellModel.linear
  loss_fn: LogisticLoss
  max_iters: 100000
  mu: 8.251487849408242
  n_cells: 2
  n_partitions: 823
  partitioner: VPartition
  random_state: 0
  verbose: false
test_score: 0.4755969032138892
train_time: 0.8463308811187744
val_score: 0.20306433150376027
