contains_categorical: postprocessed
dummy_loss: 7.20873067782343
dummy_metadata:
  auc: 0.5
  zo_loss: 0.19999999999999996
metadata:
  test:
    auc: 1.0
    zo_loss: 0.0
  val:
    auc: 0.9833333333333334
    zo_loss: 0.052631578947368474
model_name: NN
params:
  activation: relu
  alpha: 0.00198600837757088
  batch_size: 64
  epochs: 10000
  hidden_layer_size: 43
  learning_rate: 0.28565371874188605
  n_hidden_layers: 1
  patience: 100
test_score: 0.030520322978411674
train_time: 2.085376739501953
val_score: 0.17179808307957167
