contains_categorical: postprocessed
dummy_loss: 13.63813912020649
dummy_metadata:
  auc: 0.5
  zo_loss: 0.3783783783783784
metadata:
  n_epochs: 1276
  test:
    auc: 0.6428571428571428
    zo_loss: 0.3513513513513513
  val:
    auc: 0.6249014972419228
    zo_loss: 0.3648648648648649
model_name: JOPLEn
params:
  L1Norm_lam: 0.0009047736628633938
  cell_model: CellModel.constant
  loss_fn: LogisticLoss
  max_iters: 100000
  mu: 1.0e-05
  n_cells: 10
  n_partitions: 36
  partitioner: VPartition
  random_state: 0
  verbose: false
test_score: 0.6302916608187377
train_time: 3.157123565673828
val_score: 0.6358076137972319
