contains_categorical: postprocessed
dummy_loss: 15.44728002390735
dummy_metadata:
  auc: 0.5
  zo_loss: 0.4285714285714286
metadata:
  n_epochs: 141
  test:
    auc: 1.0
    zo_loss: 0.0714285714285714
  val:
    auc: 0.8571428571428572
    zo_loss: 0.18518518518518523
model_name: JOPLEn
params:
  SquaredFNorm_lam: 0.016788411875277718
  cell_model: CellModel.constant
  loss_fn: LogisticLoss
  max_iters: 100000
  mu: 7.872701308868944
  n_cells: 2
  n_partitions: 434
  partitioner: GBPartition
  random_state: 0
  verbose: false
test_score: 0.22100755713073608
train_time: 0.5732815265655518
val_score: 0.4568116089886234
