contains_categorical: postprocessed
dummy_loss: 13.63813912020649
dummy_metadata:
  auc: 0.5
  zo_loss: 0.3783783783783784
metadata:
  n_epochs: 131
  test:
    auc: 0.5900621118012422
    zo_loss: 0.29729729729729726
  val:
    auc: 0.7029156816390858
    zo_loss: 0.33783783783783783
model_name: JOPLEn
params:
  GroupInf1Norm_lam: 1.696585340447283
  cell_model: CellModel.linear
  loss_fn: LogisticLoss
  max_iters: 100000
  mu: 1.0
  n_cells: 3
  n_partitions: 1000
  partitioner: VPartition
  random_state: 0
  verbose: false
test_score: 0.6556227871010296
train_time: 0.8210728168487549
val_score: 0.6051946379144645
