contains_categorical: postprocessed
dummy_loss: 16.19352543569032
dummy_metadata:
  auc: 0.5
  zo_loss: 0.4492753623188406
metadata:
  n_epochs: 308
  test:
    auc: 0.8217317487266553
    zo_loss: 0.26086956521739135
  val:
    auc: 0.8999361294443262
    zo_loss: 0.12318840579710144
model_name: JOPLEn
params:
  SquaredFNorm_lam: 234.08062052429653
  SquaredLaplacian_lam: 0.0005693347772934407
  SquaredLaplacian_laplacian_type: LaplacianType.LEFT_NORMALIZED
  SquaredLaplacian_sigma: 0.02977430332067931
  cell_model: CellModel.linear
  loss_fn: LogisticLoss
  max_iters: 100000
  mu: 5.162924805114671
  n_cells: 15
  n_partitions: 24
  partitioner: RFPartition
  random_state: 0
  verbose: false
test_score: 0.5423809359935743
train_time: 1.0435707569122314
val_score: 0.35916536222322826
