contains_categorical: postprocessed
dummy_loss: 16.01940150627429
dummy_metadata:
  auc: 0.5
  zo_loss: 0.4444444444444444
metadata:
  n_epochs: 127
  test:
    auc: 0.8111111111111111
    zo_loss: 0.2222222222222222
  val:
    auc: 0.8305555555555556
    zo_loss: 0.2592592592592593
model_name: JOPLEn
params:
  SquaredFNorm_lam: 1.0e-05
  cell_model: CellModel.constant
  loss_fn: LogisticLoss
  max_iters: 100000
  mu: 5.03016924894431
  n_cells: 2
  n_partitions: 259
  partitioner: LinearForestPartition
  random_state: 0
  verbose: false
test_score: 0.5368384073853489
train_time: 0.4976322650909424
val_score: 0.5021906340788086
