contains_categorical: false
dummy_loss: 18.74269976234092
dummy_metadata:
  auc: 0.5
  zo_loss: 0.52
metadata:
  test:
    auc: 0.9487179487179488
    zo_loss: 0.16000000000000003
  val:
    auc: 0.9456
    zo_loss: 0.12
model_name: RandomForestClassifier
params:
  ccp_alpha: 1.703007054086761e-05
  criterion: log_loss
  max_depth: 5
  max_leaf_nodes: 18
  n_estimators: 1000
  n_jobs: -1
  random_state: 0
test_score: 0.3393013533909632
train_time: 0.8000454902648926
val_score: 0.2887507279197817
