contains_categorical: postprocessed
dummy_loss: 9.370995235879722
dummy_metadata: {}
metadata:
  test: {}
  val: {}
model_name: MultiTaskTrees
params:
  alpha: 0.4136018701949323
  batch_size: 1024
  depth: 2
  epochs: 10000
  learning_rate: 0.0016253883756591177
  loss_criteria: mse
  num_tasks: 1
  num_trees: 2
  power: 100.0
test_score: 14.229241130107152
train_time: 78.11009430885315
val_score: 15.461086627319167
