contains_categorical: postprocessed
dummy_loss: 0.5721214823669392
dummy_metadata:
  auc: 0.5
  zo_loss: 0.015873015873015928
metadata:
  n_epochs: 118
  test:
    auc: 0.842741935483871
    zo_loss: 0.015873015873015928
  val:
    auc: 0.8773584905660377
    zo_loss: 0.01591511936339518
model_name: JOPLEn
params:
  SquaredFNorm_lam: 0.00020320300893495342
  SquaredLaplacian_lam: 0.0032099258116692476
  SquaredLaplacian_laplacian_type: LaplacianType.NORMALIZED
  SquaredLaplacian_sigma: 1.0e-05
  cell_model: CellModel.linear
  loss_fn: LogisticLoss
  max_iters: 100000
  mu: 1.0
  n_cells: 29
  n_partitions: 53
  partitioner: VPartition
  random_state: 0
  verbose: false
test_score: 0.07104690048364011
train_time: 0.6481137275695801
val_score: 0.06379241128880431
