contains_categorical: postprocessed
dummy_loss: 12.014551129705717
dummy_metadata:
  auc: 0.5
  zo_loss: 0.33333333333333337
metadata:
  n_epochs: 144
  test:
    auc: 0.921875
    zo_loss: 0.16666666666666663
  val:
    auc: 1.0
    zo_loss: 0.04166666666666663
model_name: JOPLEn
params:
  L1Norm_lam: 0.00010726415546218591
  cell_model: CellModel.constant
  loss_fn: LogisticLoss
  max_iters: 100000
  mu: 5.905191275822332
  n_cells: 8
  n_partitions: 232
  partitioner: LinearForestPartition
  random_state: 0
  verbose: false
test_score: 0.31652061873381043
train_time: 0.5047290325164795
val_score: 0.14393809198715987
