contains_categorical: postprocessed
dummy_loss: 2.669900251045715
dummy_metadata:
  auc: 0.5
  zo_loss: 0.07407407407407407
metadata:
  n_epochs: 28128
  test:
    auc: 0.9800000000000001
    zo_loss: 0.07407407407407407
  val:
    auc: 1.0
    zo_loss: 0.0
model_name: JOPLEn
params:
  SquaredFNorm_lam: 5.016249973844193
  cell_model: CellModel.linear
  loss_fn: LogisticLoss
  max_iters: 100000
  mu: 8.734315036814884
  n_cells: 27
  n_partitions: 72
  partitioner: RFPartition
  random_state: 0
  verbose: false
test_score: 0.7879132009979787
train_time: 71.58634757995605
val_score: 1.192092966562092e-07
