contains_categorical: false
dummy_loss: 13.279240722306321
dummy_metadata:
  auc: 0.5
  zo_loss: 0.368421052631579
metadata:
  n_epochs: 108
  test:
    auc: 0.9933862433862434
    zo_loss: 0.052631578947368474
  val:
    auc: 0.9849328529315428
    zo_loss: 0.04385964912280704
model_name: JOPLEn
params:
  SquaredFNorm_lam: 0.6097073713520925
  SquaredLaplacian_lam: 3.8253992538447035e-05
  SquaredLaplacian_laplacian_type: LaplacianType.NORMALIZED
  SquaredLaplacian_sigma: 0.008412543845423542
  cell_model: CellModel.constant
  loss_fn: LogisticLoss
  max_iters: 100000
  mu: 0.3015754984415479
  n_cells: 27
  n_partitions: 412
  partitioner: GBPartition
  random_state: 0
  verbose: false
test_score: 0.11046761805575649
train_time: 1.1568889617919922
val_score: 0.12695850373472817
