contains_categorical: postprocessed
dummy_loss: 0.5721214823669392
dummy_metadata:
  auc: 0.5
  zo_loss: 0.015873015873015928
metadata:
  n_epochs: 201
  test:
    auc: 0.896057347670251
    zo_loss: 0.015873015873015928
  val:
    auc: 0.8714061096136568
    zo_loss: 0.018567639257294433
model_name: JOPLEn
params:
  Group21Norm_lam: 269.16984463498625
  cell_model: CellModel.linear
  loss_fn: LogisticLoss
  max_iters: 100000
  mu: 6.7460412220695005
  n_cells: 2
  n_partitions: 1000
  partitioner: VPartition
  random_state: 0
  verbose: false
test_score: 0.06650981925026656
train_time: 1.2236804962158203
val_score: 0.06793922734811036
