contains_categorical: postprocessed
dummy_loss: 12.270179877146266
dummy_metadata:
  auc: 0.5
  zo_loss: 0.34042553191489366
metadata:
  n_epochs: 709
  test:
    auc: 0.7338709677419355
    zo_loss: 0.276595744680851
  val:
    auc: 0.7653688524590164
    zo_loss: 0.29032258064516125
model_name: JOPLEn
params:
  SquaredFNorm_lam: 0.0031958894306279217
  cell_model: CellModel.constant
  loss_fn: LogisticLoss
  max_iters: 100000
  mu: 1.0e-05
  n_cells: 4
  n_partitions: 215
  partitioner: GBPartition
  random_state: 0
  verbose: false
test_score: 0.5648293665668394
train_time: 2.1953656673431396
val_score: 0.5466739800736417
