contains_categorical: postprocessed
dummy_loss: 12.270179877146266
dummy_metadata:
  auc: 0.5
  zo_loss: 0.34042553191489366
metadata:
  test:
    auc: 0.7379032258064516
    zo_loss: 0.2978723404255319
  val:
    auc: 0.747438524590164
    zo_loss: 0.27956989247311825
model_name: RandomForestClassifier
params:
  ccp_alpha: 1.0e-05
  criterion: log_loss
  max_depth: 4
  max_leaf_nodes: 32
  n_estimators: 513
  n_jobs: -1
  random_state: 0
test_score: 0.5670802279230035
train_time: 0.7703490257263184
val_score: 0.5551306176541848
