contains_categorical: postprocessed
dummy_loss: 16.19352543569032
dummy_metadata:
  auc: 0.5
  zo_loss: 0.4492753623188406
metadata:
  n_epochs: 157
  test:
    auc: 0.7903225806451613
    zo_loss: 0.30434782608695654
  val:
    auc: 0.8694911645731317
    zo_loss: 0.2028985507246377
model_name: JOPLEn
params:
  Group21Norm_lam: 49.65918919773617
  cell_model: CellModel.linear
  loss_fn: LogisticLoss
  max_iters: 100000
  mu: 1.0
  n_cells: 2
  n_partitions: 1000
  partitioner: VPartition
  random_state: 0
  verbose: false
test_score: 0.5779834699892223
train_time: 0.9402744770050049
val_score: 0.43288795281057607
