contains_categorical: postprocessed
dummy_loss: 16.019401506274292
dummy_metadata:
  auc: 0.5
  zo_loss: 0.4444444444444444
metadata:
  n_epochs: 108
  test:
    auc: 0.9
    zo_loss: 0.4444444444444444
  val:
    auc: 0.6180555555555556
    zo_loss: 0.47058823529411764
model_name: JOPLEn
params:
  SquaredFNorm_lam: 1.1491915826270924
  SquaredLaplacian_lam: 0.0645460061072361
  SquaredLaplacian_laplacian_type: LaplacianType.STANDARD
  SquaredLaplacian_sigma: 1.0040799528234972
  cell_model: CellModel.constant
  loss_fn: LogisticLoss
  max_iters: 100000
  mu: 3.6592856821048176
  n_cells: 16
  n_partitions: 10
  partitioner: LinearForestPartition
  random_state: 0
  verbose: false
test_score: 0.687359633428773
train_time: 0.35684680938720703
val_score: 0.688755745554317
