contains_categorical: false
dummy_loss: 18.021826694558573
dummy_metadata:
  auc: 0.5
  zo_loss: 0.5
metadata:
  n_epochs: 293
  test:
    auc: 0.6154259607632356
    zo_loss: 0.4180327868852459
  val:
    auc: 0.6530974660200805
    zo_loss: 0.39669421487603307
model_name: JOPLEn
params:
  SquaredFNorm_lam: 0.03181482114396216
  SquaredLaplacian_lam: 0.0004169466937313585
  SquaredLaplacian_laplacian_type: LaplacianType.LEFT_NORMALIZED
  SquaredLaplacian_sigma: 0.11172730128048287
  cell_model: CellModel.linear
  loss_fn: LogisticLoss
  max_iters: 100000
  mu: 1.0
  n_cells: 4
  n_partitions: 34
  partitioner: VPartition
  random_state: 0
  verbose: false
test_score: 0.6562879506243915
train_time: 1.2254157066345215
val_score: 0.648173353380577
