contains_categorical: postprocessed
dummy_loss: 10.813096016735146
dummy_metadata:
  auc: 0.5
  zo_loss: 0.30000000000000004
metadata:
  n_epochs: 123
  test:
    auc: 0.67
    zo_loss: 0.30000000000000004
  val:
    auc: 0.7346428571428573
    zo_loss: 0.275
model_name: JOPLEn
params:
  SquaredFNorm_lam: 0.0027314989674406863
  SquaredLaplacian_lam: 6.219452835141456e-05
  SquaredLaplacian_laplacian_type: LaplacianType.LEFT_NORMALIZED
  SquaredLaplacian_sigma: 0.15997501653211688
  cell_model: CellModel.linear
  loss_fn: LogisticLoss
  max_iters: 100000
  mu: 8.321436581638327
  n_cells: 4
  n_partitions: 49
  partitioner: LinearForestPartition
  random_state: 0
  verbose: false
test_score: 0.5740247845581801
train_time: 0.45123958587646484
val_score: 0.5343508992851309
