contains_categorical: false
dummy_loss: 13.27924072230632
dummy_metadata:
  auc: 0.5
  zo_loss: 0.368421052631579
metadata:
  n_epochs: 430
  test:
    auc: 0.9246031746031745
    zo_loss: 0.08771929824561409
  val:
    auc: 0.9986898132983951
    zo_loss: 0.00877192982456143
model_name: JOPLEn
params:
  L1Norm_lam: 1.0e-05
  cell_model: CellModel.constant
  loss_fn: LogisticLoss
  max_iters: 100000
  mu: 1.3254184482335571
  n_cells: 2
  n_partitions: 65
  partitioner: LinearForestPartition
  random_state: 0
  verbose: false
test_score: 0.3997888441449467
train_time: 1.2074837684631348
val_score: 0.04217613905622729
