contains_categorical: false
dummy_loss: 18.021826694558577
dummy_metadata:
  auc: 0.5
  zo_loss: 0.5
metadata:
  n_epochs: 165
  test:
    auc: 0.9989919649379109
    zo_loss: 0.018918918918918948
  val:
    auc: 0.9982993819259043
    zo_loss: 0.021636240703177823
model_name: JOPLEn
params:
  SquaredFNorm_lam: 78.52581696965902
  cell_model: CellModel.linear
  loss_fn: LogisticLoss
  max_iters: 100000
  mu: 1.0
  n_cells: 2
  n_partitions: 1000
  partitioner: VPartition
  random_state: 0
  verbose: false
test_score: 0.04443142708376263
train_time: 1.5011627674102783
val_score: 0.05579620020839101
