contains_categorical: postprocessed
dummy_loss: 15.859207491211547
dummy_metadata:
  auc: 0.5
  zo_loss: 0.43999999999999995
metadata:
  n_epochs: 108
  test:
    auc: 0.6948051948051948
    zo_loss: 0.30000000000000004
  val:
    auc: 0.7426948051948052
    zo_loss: 0.31000000000000005
model_name: JOPLEn
params:
  Group21Norm_lam: 0.0002081494678466891
  SquaredFNorm_lam: 0.05212497473678685
  cell_model: CellModel.linear
  loss_fn: LogisticLoss
  max_iters: 100000
  n_cells: 4
  n_partitions: 1000
  partitioner: LinearForestPartition
  random_state: 0
  verbose: false
test_score: 0.6330937638237928
train_time: 1.2127821445465088
val_score: 0.5952320636802972
