contains_categorical: false
dummy_loss: 14.229815437785946
dummy_metadata:
  auc: 0.5
  zo_loss: 0.3947939262472885
metadata:
  n_epochs: 162
  test:
    auc: 0.9623262042616881
    zo_loss: 0.07375271149674623
  val:
    auc: 0.9814699300976256
    zo_loss: 0.048913043478260865
model_name: JOPLEn
params:
  GroupInf1Norm_lam: 0.006921509626581291
  cell_model: CellModel.linear
  loss_fn: LogisticLoss
  max_iters: 100000
  mu: 10.0
  n_cells: 19
  n_partitions: 1000
  partitioner: VPartition
  random_state: 0
  verbose: false
test_score: 0.2632155769920572
train_time: 5.497754335403442
val_score: 0.1635200202425719
