contains_categorical: false
dummy_loss: 12.638683655924195
dummy_metadata:
  auc: 0.5
  zo_loss: 0.35064935064935066
metadata:
  n_epochs: 161
  test:
    auc: 0.8511111111111112
    zo_loss: 0.22077922077922074
  val:
    auc: 0.8086111111111112
    zo_loss: 0.23376623376623373
model_name: JOPLEn
params:
  SquaredFNorm_lam: 0.001280639500492269
  SquaredLaplacian_lam: 1.0e-05
  SquaredLaplacian_laplacian_type: LaplacianType.LEFT_NORMALIZED
  SquaredLaplacian_sigma: 0.10693997553400379
  cell_model: CellModel.constant
  loss_fn: LogisticLoss
  max_iters: 100000
  mu: 9.863010857668794
  n_cells: 2
  n_partitions: 105
  partitioner: LinearForestPartition
  random_state: 0
  verbose: false
test_score: 0.44487586679028157
train_time: 0.6163218021392822
val_score: 0.5092323394744012
