contains_categorical: postprocessed
dummy_loss: 7.20873067782343
dummy_metadata:
  auc: 0.5
  zo_loss: 0.19999999999999996
metadata:
  n_epochs: 162
  test:
    auc: 1.0
    zo_loss: 0.09999999999999998
  val:
    auc: 0.9733333333333334
    zo_loss: 0.09999999999999998
model_name: JOPLEn
params:
  SquaredFNorm_lam: 0.0008750097604025668
  cell_model: CellModel.linear
  loss_fn: LogisticLoss
  max_iters: 100000
  mu: 1.0
  n_cells: 3
  n_partitions: 10
  partitioner: VPartition
  random_state: 0
  verbose: false
test_score: 0.18607804095759758
train_time: 0.4338350296020508
val_score: 0.17206160962470463
