contains_categorical: false
dummy_loss: 18.021826694558577
dummy_metadata:
  auc: 0.5
  zo_loss: 0.5
metadata:
  n_epochs: 172
  test:
    auc: 0.7777777777777778
    zo_loss: 0.5
  val:
    auc: 0.9333333333333333
    zo_loss: 0.09090909090909094
model_name: JOPLEn
params:
  SquaredFNorm_lam: 0.0849337514269657
  SquaredLaplacian_lam: 7.291480166511108e-05
  SquaredLaplacian_laplacian_type: LaplacianType.STANDARD
  SquaredLaplacian_sigma: 5.393017509611871e-05
  cell_model: CellModel.constant
  loss_fn: LogisticLoss
  max_iters: 100000
  mu: 5.634825836224393
  n_cells: 32
  n_partitions: 76
  partitioner: LinearForestPartition
  random_state: 0
  verbose: false
test_score: 0.7733941078218508
train_time: 0.6042225360870361
val_score: 0.29799847647434363
