contains_categorical: postprocessed
dummy_loss: 10.813096016735146
dummy_metadata:
  auc: 0.5
  zo_loss: 0.30000000000000004
metadata:
  n_epochs: 109
  test:
    auc: 0.5914285714285715
    zo_loss: 0.31999999999999995
  val:
    auc: 0.6885714285714285
    zo_loss: 0.30000000000000004
model_name: JOPLEn
params:
  SquaredFNorm_lam: 0.00033340852961099817
  cell_model: CellModel.linear
  loss_fn: LogisticLoss
  max_iters: 100000
  mu: 10.0
  n_cells: 17
  n_partitions: 37
  partitioner: RFPartition
  random_state: 0
  verbose: false
test_score: 0.6555992827711192
train_time: 0.4156379699707031
val_score: 0.572823089092364
