contains_categorical: postprocessed
dummy_loss: 12.191235705142565
dummy_metadata:
  auc: 0.5
  zo_loss: 0.3382352941176471
metadata:
  n_epochs: 141
  test:
    auc: 0.6135265700483092
    zo_loss: 0.3088235294117647
  val:
    auc: 0.7234567901234569
    zo_loss: 0.3111111111111111
model_name: JOPLEn
params:
  Group21Norm_lam: 1.247001960790079
  cell_model: CellModel.linear
  loss_fn: LogisticLoss
  max_iters: 100000
  mu: 1.0
  n_cells: 2
  n_partitions: 1000
  partitioner: VPartition
  random_state: 0
  verbose: false
test_score: 0.6321811512174348
train_time: 0.86667799949646
val_score: 0.5743199269032223
