contains_categorical: false
dummy_loss: 17.506917360428332
dummy_metadata:
  auc: 0.5
  zo_loss: 0.48571428571428577
metadata:
  n_epochs: 106
  test:
    auc: 0.6568627450980392
    zo_loss: 0.37142857142857144
  val:
    auc: 0.6285714285714286
    zo_loss: 0.3913043478260869
model_name: JOPLEn
params:
  SquaredFNorm_lam: 1.0206916305982867
  SquaredLaplacian_lam: 1.0e-05
  SquaredLaplacian_laplacian_type: LaplacianType.LEFT_NORMALIZED
  SquaredLaplacian_sigma: 10.513552221869803
  cell_model: CellModel.constant
  loss_fn: LogisticLoss
  max_iters: 100000
  mu: 6.101956761639543
  n_cells: 2
  n_partitions: 263
  partitioner: VPartition
  random_state: 0
  verbose: false
test_score: 0.6752178149105761
train_time: 0.5383634567260742
val_score: 0.6749773724828265
