contains_categorical: postprocessed
dummy_loss: 18.021826694558577
dummy_metadata:
  auc: 0.5
  zo_loss: 0.5
metadata:
  n_epochs: 100000
  test:
    auc: 0.9500000000000001
    zo_loss: 0.050000000000000044
  val:
    auc: 1.0
    zo_loss: 0.0
model_name: JOPLEn
params:
  Group21Norm_lam: 129.58126108813647
  cell_model: CellModel.linear
  loss_fn: LogisticLoss
  max_iters: 100000
  mu: 1.0
  n_cells: 29
  n_partitions: 718
  partitioner: VPartition
  random_state: 0
  verbose: false
test_score: 0.797119370892769
train_time: 271.89260268211365
val_score: 0.00016180145487640398
