contains_categorical: postprocessed
dummy_loss: 18.021826694558577
dummy_metadata:
  auc: 0.5
  zo_loss: 0.5
metadata:
  n_epochs: 553
  test:
    auc: 1.0
    zo_loss: 0.0
  val:
    auc: 1.0
    zo_loss: 0.0
model_name: JOPLEn
params:
  SquaredFNorm_lam: 0.0002496262473015594
  SquaredLaplacian_lam: 8.436283658444625e-05
  SquaredLaplacian_laplacian_type: LaplacianType.LEFT_NORMALIZED
  SquaredLaplacian_sigma: 0.05893776240701029
  cell_model: CellModel.linear
  loss_fn: LogisticLoss
  max_iters: 100000
  mu: 9.236811094812461
  n_cells: 2
  n_partitions: 292
  partitioner: LinearForestPartition
  random_state: 0
  verbose: false
test_score: 0.0004264269753429884
train_time: 1.9265024662017822
val_score: 0.0001843223069575092
