contains_categorical: postprocessed
dummy_loss: 2.669900251045715
dummy_metadata:
  auc: 0.5
  zo_loss: 0.07407407407407407
metadata:
  n_epochs: 118
  test:
    auc: 0.98
    zo_loss: 0.07407407407407407
  val:
    auc: 1.0
    zo_loss: 0.0
model_name: JOPLEn
params:
  L1Norm_lam: 0.00010187746780554754
  cell_model: CellModel.constant
  loss_fn: LogisticLoss
  max_iters: 100000
  mu: 3.8177464463031243
  n_cells: 4
  n_partitions: 32
  partitioner: LinearForestPartition
  random_state: 0
  verbose: false
test_score: 1.025762698859607
train_time: 0.3183095455169678
val_score: 0.00010226708899621456
