contains_categorical: false
dummy_loss: 10.2981866826049
dummy_metadata:
  auc: 0.5
  zo_loss: 0.2857142857142857
metadata:
  n_epochs: 143
  test:
    auc: 0.86
    zo_loss: 0.17142857142857137
  val:
    auc: 0.9411764705882352
    zo_loss: 0.12857142857142856
model_name: JOPLEn
params:
  SquaredFNorm_lam: 4.259847716318381
  cell_model: CellModel.linear
  loss_fn: LogisticLoss
  max_iters: 100000
  mu: 1.0
  n_cells: 11
  n_partitions: 1000
  partitioner: VPartition
  random_state: 0
  verbose: false
test_score: 0.4312194048258946
train_time: 0.8596057891845703
val_score: 0.2668774897581048
