contains_categorical: false
dummy_loss: 0.9820532791022751
dummy_metadata: {}
metadata:
  test: {}
  val: {}
model_name: MultiTaskTrees
params:
  alpha: 0.012803379814188762
  batch_size: 32
  depth: 2
  epochs: 10000
  learning_rate: 0.008835118470030679
  loss_criteria: mse
  num_tasks: 1
  num_trees: 2
  power: 0.045642370302136116
test_score: 0.25385909800468953
train_time: 7.938234806060791
val_score: 0.25516872681005026
