contains_categorical: postprocessed
dummy_loss: 12.014551129705717
dummy_metadata:
  auc: 0.5
  zo_loss: 0.33333333333333337
metadata:
  n_epochs: 120
  test:
    auc: 0.859375
    zo_loss: 0.25
  val:
    auc: 1.0
    zo_loss: 0.04166666666666663
model_name: JOPLEn
params:
  GroupInf1Norm_lam: 1000.0
  cell_model: CellModel.linear
  loss_fn: LogisticLoss
  max_iters: 100000
  mu: 9.041935477944005
  n_cells: 20
  n_partitions: 195
  partitioner: RFPartition
  random_state: 0
  verbose: false
test_score: 0.42415527884002047
train_time: 0.47228145599365234
val_score: 0.17959718134664948
