contains_categorical: postprocessed
dummy_loss: 12.270179877146266
dummy_metadata:
  auc: 0.5
  zo_loss: 0.34042553191489366
metadata:
  n_epochs: 103
  test:
    auc: 0.7338709677419355
    zo_loss: 0.3191489361702128
  val:
    auc: 0.7397540983606558
    zo_loss: 0.30107526881720426
model_name: JOPLEn
params:
  SquaredFNorm_lam: 1.0e-05
  SquaredLaplacian_lam: 0.00030958850162504594
  SquaredLaplacian_laplacian_type: LaplacianType.NORMALIZED
  SquaredLaplacian_sigma: 34.778825476079355
  cell_model: CellModel.constant
  loss_fn: LogisticLoss
  max_iters: 100000
  mu: 4.1745260465914455
  n_cells: 18
  n_partitions: 10
  partitioner: VPartition
  random_state: 0
  verbose: false
test_score: 0.5629993147566723
train_time: 0.4050333499908447
val_score: 0.5571507890701528
