contains_categorical: postprocessed
dummy_loss: 13.63813912020649
dummy_metadata:
  auc: 0.5
  zo_loss: 0.3783783783783784
metadata:
  n_epochs: 112
  test:
    auc: 0.7049689440993788
    zo_loss: 0.2432432432432432
  val:
    auc: 0.7052797478329393
    zo_loss: 0.2702702702702703
model_name: JOPLEn
params:
  SquaredFNorm_lam: 0.0002093762594239801
  SquaredLaplacian_lam: 6.994520072579102e-05
  SquaredLaplacian_laplacian_type: LaplacianType.LEFT_NORMALIZED
  SquaredLaplacian_sigma: 0.013153768044133167
  cell_model: CellModel.constant
  loss_fn: LogisticLoss
  max_iters: 100000
  mu: 8.630767713184019
  n_cells: 4
  n_partitions: 247
  partitioner: LinearForestPartition
  random_state: 0
  verbose: false
test_score: 0.5776755980390467
train_time: 0.5399444103240967
val_score: 0.6014022976759122
