contains_categorical: postprocessed
dummy_loss: 13.01576372384786
dummy_metadata:
  auc: 0.5
  zo_loss: 0.36111111111111116
metadata:
  n_epochs: 189
  test:
    auc: 0.9498327759197325
    zo_loss: 0.19444444444444442
  val:
    auc: 0.9777777777777779
    zo_loss: 0.042857142857142816
model_name: JOPLEn
params:
  SquaredFNorm_lam: 143.21988402558722
  cell_model: CellModel.linear
  loss_fn: LogisticLoss
  max_iters: 100000
  mu: 6.862456529575425
  n_cells: 32
  n_partitions: 224
  partitioner: LinearForestPartition
  random_state: 0
  verbose: false
test_score: 0.351520165688209
train_time: 0.9275557994842529
val_score: 0.14805984927341256
