contains_categorical: postprocessed
dummy_loss: 13.63813912020649
dummy_metadata:
  auc: 0.5
  zo_loss: 0.3783783783783784
metadata:
  n_epochs: 183
  test:
    auc: 0.7142857142857143
    zo_loss: 0.2702702702702703
  val:
    auc: 0.7084318360914106
    zo_loss: 0.33783783783783783
model_name: JOPLEn
params:
  SquaredFNorm_lam: 349.8209734058021
  cell_model: CellModel.linear
  loss_fn: LogisticLoss
  max_iters: 100000
  mu: 7.72180664786873
  n_cells: 26
  n_partitions: 26
  partitioner: RFPartition
  random_state: 0
  verbose: false
test_score: 0.5591288386418224
train_time: 0.5089190006256104
val_score: 0.6002330852922444
