contains_categorical: false
dummy_loss: 21.626192033470293
dummy_metadata:
  auc: 0.5
  zo_loss: 0.6
metadata:
  n_epochs: 107
  test:
    auc: 1.0
    zo_loss: 0.0
  val:
    auc: 0.8400000000000001
    zo_loss: 0.09999999999999998
model_name: JOPLEn
params:
  SquaredFNorm_lam: 1.2083238795228721
  SquaredLaplacian_lam: 8.339202820652878e-05
  SquaredLaplacian_laplacian_type: LaplacianType.NORMALIZED
  SquaredLaplacian_sigma: 0.0002393293221853391
  cell_model: CellModel.constant
  loss_fn: LogisticLoss
  max_iters: 100000
  mu: 0.5833716242171755
  n_cells: 30
  n_partitions: 218
  partitioner: GBPartition
  random_state: 0
  verbose: false
test_score: 0.08192560485325373
train_time: 0.5344774723052979
val_score: 0.36817421934492467
