contains_categorical: postprocessed
dummy_loss: 15.44728002390735
dummy_metadata:
  auc: 0.5
  zo_loss: 0.4285714285714286
metadata:
  n_epochs: 126
  test:
    auc: 0.8958333333333334
    zo_loss: 0.0714285714285714
  val:
    auc: 0.8241758241758241
    zo_loss: 0.2592592592592593
model_name: JOPLEn
params:
  GroupInf1Norm_lam: 176.11723897080867
  cell_model: CellModel.linear
  loss_fn: LogisticLoss
  max_iters: 100000
  mu: 2.956600966959942
  n_cells: 4
  n_partitions: 17
  partitioner: RFPartition
  random_state: 0
  verbose: false
test_score: 0.36694167832239016
train_time: 0.35536766052246094
val_score: 0.5174162581509788
