contains_categorical: false
dummy_loss: 16.961719241937484
dummy_metadata:
  auc: 0.5
  zo_loss: 0.47058823529411764
metadata:
  test:
    auc: 1.0
    zo_loss: 0.11764705882352944
  val:
    auc: 0.9148148148148149
    zo_loss: 0.12121212121212122
model_name: XGBClassifier
params:
  early_stopping_rounds: 73
  learning_rate: 0.2735023855625669
  max_leaves: 32
  n_estimators: 599
  objective: reg:logistic
  random_state: 0
  reg_alpha: 0.03977552518539083
  reg_lambda: 0.7718135960606637
  verbosity: 0
test_score: 0.2315728629715401
train_time: 0.32796239852905273
val_score: 0.37093475840985746
