contains_categorical: postprocessed
dummy_loss: 16.019401506274292
dummy_metadata:
  auc: 0.5
  zo_loss: 0.4444444444444444
metadata:
  n_epochs: 301
  test:
    auc: 0.75
    zo_loss: 0.33333333333333337
  val:
    auc: 0.7222222222222222
    zo_loss: 0.4117647058823529
model_name: JOPLEn
params:
  SquaredFNorm_lam: 1.1471721181785748
  SquaredLaplacian_lam: 0.000152805705815806
  SquaredLaplacian_laplacian_type: LaplacianType.NORMALIZED
  SquaredLaplacian_sigma: 3.0056047442022853e-05
  cell_model: CellModel.constant
  loss_fn: LogisticLoss
  max_iters: 100000
  mu: 1.0e-05
  n_cells: 20
  n_partitions: 782
  partitioner: VPartition
  random_state: 0
  verbose: false
test_score: 0.6456110165595809
train_time: 1.278430700302124
val_score: 0.6352998225378129
