contains_categorical: postprocessed
dummy_loss: 21.626192033470293
dummy_metadata:
  auc: 0.5
  zo_loss: 0.6
metadata:
  n_epochs: 103
  test:
    auc: 0.5833333333333333
    zo_loss: 0.4
  val:
    auc: 0.48
    zo_loss: 0.6
model_name: JOPLEn
params:
  GroupInf1Norm_lam: 0.0007880487860111462
  cell_model: CellModel.linear
  loss_fn: LogisticLoss
  max_iters: 100000
  mu: 1.0e-05
  n_cells: 3
  n_partitions: 10
  partitioner: RFPartition
  random_state: 0
  verbose: false
test_score: 0.6931455116473482
train_time: 0.3228635787963867
val_score: 0.693148372681814
