contains_categorical: postprocessed
dummy_loss: 13.01576372384786
dummy_metadata:
  auc: 0.5
  zo_loss: 0.36111111111111116
metadata:
  n_epochs: 111
  test:
    auc: 0.903010033444816
    zo_loss: 0.16666666666666663
  val:
    auc: 0.9964444444444445
    zo_loss: 0.042857142857142816
model_name: JOPLEn
params:
  SquaredFNorm_lam: 0.007647332320341268
  SquaredLaplacian_lam: 1.0e-05
  SquaredLaplacian_laplacian_type: LaplacianType.LEFT_NORMALIZED
  SquaredLaplacian_sigma: 21.158817779526107
  cell_model: CellModel.linear
  loss_fn: LogisticLoss
  max_iters: 100000
  mu: 5.992500482193565
  n_cells: 2
  n_partitions: 285
  partitioner: GBPartition
  random_state: 0
  verbose: false
test_score: 0.4409945197709402
train_time: 0.6294910907745361
val_score: 0.09900640225857871
