contains_categorical: postprocessed
dummy_loss: 12.35782401912588
dummy_metadata:
  auc: 0.5
  zo_loss: 0.34285714285714286
metadata:
  n_epochs: 124
  test:
    auc: 0.9972826086956521
    zo_loss: 0.02857142857142858
  val:
    auc: 0.9712409420289855
    zo_loss: 0.09285714285714286
model_name: JOPLEn
params:
  SquaredFNorm_lam: 0.0030086654372002094
  cell_model: CellModel.constant
  loss_fn: LogisticLoss
  max_iters: 100000
  mu: 0.13384053350113784
  n_cells: 9
  n_partitions: 569
  partitioner: VPartition
  random_state: 0
  verbose: false
test_score: 0.09623321048445978
train_time: 0.6024081707000732
val_score: 0.20297632080697964
