contains_categorical: postprocessed
dummy_loss: 11.15636890615531
dummy_metadata:
  auc: 0.5
  zo_loss: 0.30952380952380953
metadata:
  n_epochs: 120
  test:
    auc: 0.6411671087533157
    zo_loss: 0.2571428571428571
  val:
    auc: 0.6609979918147385
    zo_loss: 0.29047619047619044
model_name: JOPLEn
params:
  SquaredFNorm_lam: 2.452040329050914e-05
  cell_model: CellModel.constant
  loss_fn: LogisticLoss
  max_iters: 100000
  mu: 9.147122192216049
  n_cells: 8
  n_partitions: 14
  partitioner: LinearForestPartition
  random_state: 0
  verbose: false
test_score: 0.580719066478022
train_time: 0.3428359031677246
val_score: 0.5921728538677299
