contains_categorical: postprocessed
dummy_loss: 12.014551129705717
dummy_metadata:
  auc: 0.5
  zo_loss: 0.33333333333333337
metadata:
  n_epochs: 114
  test:
    auc: 1.0
    zo_loss: 0.0
  val:
    auc: 1.0
    zo_loss: 0.0
model_name: JOPLEn
params:
  SquaredFNorm_lam: 0.0008817341063125732
  SquaredLaplacian_lam: 0.2192649673243758
  SquaredLaplacian_laplacian_type: LaplacianType.LEFT_NORMALIZED
  SquaredLaplacian_sigma: 0.00025328439997579873
  cell_model: CellModel.linear
  loss_fn: LogisticLoss
  max_iters: 100000
  mu: 8.328436925402466
  n_cells: 18
  n_partitions: 100
  partitioner: GBPartition
  random_state: 0
  verbose: false
test_score: 0.003012175314318169
train_time: 0.395061731338501
val_score: 0.030499001707142658
