contains_categorical: false
dummy_loss: 15.769098357738756
dummy_metadata:
  auc: 0.5
  zo_loss: 0.4375
metadata:
  n_epochs: 42
  test:
    auc: 1.0
    zo_loss: 0.0
  val:
    auc: 1.0
    zo_loss: 0.0
model_name: JOPLEn
params:
  SquaredFNorm_lam: 5.8371185461119126e-05
  SquaredLaplacian_lam: 0.00016111127769592907
  SquaredLaplacian_laplacian_type: LaplacianType.STANDARD
  SquaredLaplacian_sigma: 0.00029911226677095925
  cell_model: CellModel.constant
  loss_fn: LogisticLoss
  max_iters: 100000
  mu: 7.303600542224047
  n_cells: 31
  n_partitions: 70
  partitioner: GBPartition
  random_state: 0
  verbose: false
test_score: 1.1920929665620916e-07
train_time: 0.36785364151000977
val_score: 1.192092966562092e-07
