contains_categorical: false
dummy_loss: 17.826996135698483
dummy_metadata:
  auc: 0.5
  zo_loss: 0.49459459459459465
metadata:
  n_epochs: 6378
  test:
    auc: 0.9961500248385494
    zo_loss: 0.032432432432432434
  val:
    auc: 0.9972714171805619
    zo_loss: 0.025693035835023692
model_name: JOPLEn
params:
  GroupInf1Norm_lam: 0.00014456207593121484
  cell_model: CellModel.linear
  loss_fn: LogisticLoss
  max_iters: 100000
  mu: 1.0e-05
  n_cells: 32
  n_partitions: 1000
  partitioner: VPartition
  random_state: 0
  verbose: false
test_score: 0.08201192648553747
train_time: 301.20359539985657
val_score: 0.06634936024502966
