contains_categorical: postprocessed
dummy_loss: 10.813096016735146
dummy_metadata:
  auc: 0.5
  zo_loss: 0.30000000000000004
metadata:
  n_epochs: 119
  test:
    auc: 0.5414285714285715
    zo_loss: 0.31999999999999995
  val:
    auc: 0.6868452380952381
    zo_loss: 0.29000000000000004
model_name: JOPLEn
params:
  SquaredFNorm_lam: 0.00031073240882344215
  SquaredLaplacian_lam: 0.02102276076674273
  SquaredLaplacian_laplacian_type: LaplacianType.LEFT_NORMALIZED
  SquaredLaplacian_sigma: 0.010379449618128207
  cell_model: CellModel.constant
  loss_fn: LogisticLoss
  max_iters: 100000
  mu: 8.586235490692893
  n_cells: 10
  n_partitions: 152
  partitioner: VPartition
  random_state: 0
  verbose: false
test_score: 0.6539672792789344
train_time: 0.6163825988769531
val_score: 0.5662555539065524
