contains_categorical: postprocessed
dummy_loss: 16.19352543569032
dummy_metadata:
  auc: 0.5
  zo_loss: 0.4492753623188406
metadata:
  n_epochs: 122
  test:
    auc: 0.9193548387096774
    zo_loss: 0.2028985507246377
  val:
    auc: 0.8054077070470512
    zo_loss: 0.26086956521739135
model_name: JOPLEn
params:
  SquaredFNorm_lam: 3.9283831259631776e-05
  SquaredLaplacian_lam: 0.0022625946474513713
  SquaredLaplacian_laplacian_type: LaplacianType.NORMALIZED
  SquaredLaplacian_sigma: 1000.0
  cell_model: CellModel.constant
  loss_fn: LogisticLoss
  max_iters: 100000
  mu: 7.873127665306755
  n_cells: 10
  n_partitions: 112
  partitioner: VPartition
  random_state: 0
  verbose: false
test_score: 0.35455935544247186
train_time: 0.45404672622680664
val_score: 0.5247191444703482
