contains_categorical: postprocessed
dummy_loss: 15.859207491211547
dummy_metadata:
  auc: 0.5
  zo_loss: 0.43999999999999995
metadata:
  n_epochs: 119
  test:
    auc: 0.6753246753246753
    zo_loss: 0.30000000000000004
  val:
    auc: 0.7451298701298702
    zo_loss: 0.29000000000000004
model_name: JOPLEn
params:
  SquaredFNorm_lam: 0.00012164038083666213
  cell_model: CellModel.linear
  loss_fn: LogisticLoss
  max_iters: 100000
  mu: 10.0
  n_cells: 2
  n_partitions: 14
  partitioner: LinearForestPartition
  random_state: 0
  verbose: false
test_score: 0.6376239166285331
train_time: 0.3518855571746826
val_score: 0.5876941331175751
