contains_categorical: postprocessed
dummy_loss: 2.1633525431921794
dummy_metadata:
  auc: 0.5
  zo_loss: 0.0600203458799593
metadata:
  n_epochs: 669
  test:
    auc: 0.638243818328564
    zo_loss: 0.0600203458799593
  val:
    auc: 0.6424702058504875
    zo_loss: 0.05960264900662249
model_name: JOPLEn
params:
  SquaredFNorm_lam: 0.03439634176094071
  SquaredLaplacian_lam: 0.0006418330307078201
  SquaredLaplacian_laplacian_type: LaplacianType.NORMALIZED
  SquaredLaplacian_sigma: 4.0103855072175655e-05
  cell_model: CellModel.linear
  loss_fn: LogisticLoss
  max_iters: 100000
  mu: 1.0
  n_cells: 26
  n_partitions: 49
  partitioner: VPartition
  random_state: 0
  verbose: false
test_score: 0.2213893221529428
train_time: 4.393927574157715
val_score: 0.21807616133521757
