contains_categorical: postprocessed
dummy_loss: 13.730915576806535
dummy_metadata:
  auc: 0.5
  zo_loss: 0.38095238095238093
metadata:
  n_epochs: 19078
  test:
    auc: 0.9615384615384616
    zo_loss: 0.09523809523809523
  val:
    auc: 0.9975308641975309
    zo_loss: 0.023809523809523836
model_name: JOPLEn
params:
  SquaredFNorm_lam: 1.0e-05
  cell_model: CellModel.constant
  loss_fn: LogisticLoss
  max_iters: 100000
  mu: 1.0e-05
  n_cells: 32
  n_partitions: 42
  partitioner: RFPartition
  random_state: 0
  verbose: false
test_score: 0.4301669290044422
train_time: 48.25319719314575
val_score: 0.047671020061738546
