contains_categorical: postprocessed
dummy_loss: 5.118198781254636
dummy_metadata:
  auc: 0.5
  zo_loss: 0.14200000000000002
metadata:
  n_epochs: 373
  test:
    auc: 0.7821990216356414
    zo_loss: 0.10999999999999999
  val:
    auc: 0.7989551819339054
    zo_loss: 0.09709709709709713
model_name: JOPLEn
params:
  SquaredFNorm_lam: 1000.0
  cell_model: CellModel.linear
  loss_fn: LogisticLoss
  max_iters: 100000
  mu: 0.5713086884894661
  n_cells: 14
  n_partitions: 367
  partitioner: RFPartition
  random_state: 0
  verbose: false
test_score: 0.3106300603328866
train_time: 3.9893691539764404
val_score: 0.29589116726417525
