contains_categorical: postprocessed
dummy_loss: 5.118198781254636
dummy_metadata:
  auc: 0.5
  zo_loss: 0.14200000000000002
metadata:
  n_epochs: 115
  test:
    auc: 0.7401424866213598
    zo_loss: 0.09999999999999998
  val:
    auc: 0.7288432607581543
    zo_loss: 0.10610610610610616
model_name: JOPLEn
params:
  SquaredFNorm_lam: 0.00026354914480964184
  cell_model: CellModel.constant
  loss_fn: LogisticLoss
  max_iters: 100000
  mu: 2.0695608534279604
  n_cells: 32
  n_partitions: 1000
  partitioner: VPartition
  random_state: 0
  verbose: false
test_score: 0.3257120265033617
train_time: 6.119059801101685
val_score: 0.3280243759066949
