contains_categorical: postprocessed
dummy_loss: 11.185961396622565
dummy_metadata:
  auc: 0.5
  zo_loss: 0.31034482758620685
metadata:
  n_epochs: 120
  test:
    auc: 0.5888888888888889
    zo_loss: 0.31034482758620685
  val:
    auc: 0.5860832137733142
    zo_loss: 0.2931034482758621
model_name: JOPLEn
params:
  L1Norm_lam: 5.028357015848424e-05
  cell_model: CellModel.constant
  loss_fn: LogisticLoss
  max_iters: 100000
  mu: 3.5086425122185307
  n_cells: 2
  n_partitions: 313
  partitioner: VPartition
  random_state: 0
  verbose: false
test_score: 0.5997517297262862
train_time: 0.44032740592956543
val_score: 0.597032601736936
