contains_categorical: postprocessed
dummy_loss: 13.63813912020649
dummy_metadata:
  auc: 0.5
  zo_loss: 0.3783783783783784
metadata:
  n_epochs: 124
  test:
    auc: 0.7639751552795031
    zo_loss: 0.2432432432432432
  val:
    auc: 0.7123719464144996
    zo_loss: 0.33783783783783783
model_name: JOPLEn
params:
  SquaredFNorm_lam: 0.003427066337797482
  SquaredLaplacian_lam: 1.0e-05
  SquaredLaplacian_laplacian_type: LaplacianType.LEFT_NORMALIZED
  SquaredLaplacian_sigma: 1000.0
  cell_model: CellModel.constant
  loss_fn: LogisticLoss
  max_iters: 100000
  mu: 7.648498748835058
  n_cells: 2
  n_partitions: 414
  partitioner: GBPartition
  random_state: 0
  verbose: false
test_score: 0.5577332274876644
train_time: 0.5840897560119629
val_score: 0.5904043684200858
