contains_categorical: false
dummy_loss: 151.61264723933894
dummy_metadata: {}
metadata:
  test: {}
  val: {}
model_name: XGBRegressor
params:
  early_stopping_rounds: 40
  learning_rate: 0.4186819490687588
  max_leaves: 10
  n_estimators: 27
  objective: reg:squarederror
  random_state: 0
  reg_alpha: 4.78963646274909
  reg_lambda: 1.0e-05
  verbosity: 0
test_score: 84.7748644375189
train_time: 0.3510932922363281
val_score: 8.325526529499323
