contains_categorical: false
dummy_loss: 17.826996135698483
dummy_metadata:
  auc: 0.5
  zo_loss: 0.49459459459459465
metadata:
  n_epochs: 135
  test:
    auc: 0.9962815230414074
    zo_loss: 0.027027027027026973
  val:
    auc: 0.9978767529132926
    zo_loss: 0.01893171061528065
model_name: JOPLEn
params:
  GroupInf1Norm_lam: 37.284767591900994
  cell_model: CellModel.linear
  loss_fn: LogisticLoss
  max_iters: 100000
  mu: 1.0
  n_cells: 24
  n_partitions: 863
  partitioner: VPartition
  random_state: 0
  verbose: false
test_score: 0.07580266844869979
train_time: 7.185060024261475
val_score: 0.06125042077124734
