contains_categorical: postprocessed
dummy_loss: 13.63813912020649
dummy_metadata:
  auc: 0.5
  zo_loss: 0.3783783783783784
metadata:
  n_epochs: 132
  test:
    auc: 0.7919254658385093
    zo_loss: 0.21621621621621623
  val:
    auc: 0.6895193065405831
    zo_loss: 0.33783783783783783
model_name: JOPLEn
params:
  SquaredFNorm_lam: 0.022106517293751283
  cell_model: CellModel.constant
  loss_fn: LogisticLoss
  max_iters: 100000
  mu: 10.0
  n_cells: 2
  n_partitions: 185
  partitioner: GBPartition
  random_state: 0
  verbose: false
test_score: 0.5109126882959651
train_time: 0.45538926124572754
val_score: 0.6118574600405432
