contains_categorical: false
dummy_loss: 14.229815437785946
dummy_metadata:
  auc: 0.5
  zo_loss: 0.3947939262472885
metadata:
  n_epochs: 849
  test:
    auc: 0.963419197290165
    zo_loss: 0.08459869848156187
  val:
    auc: 0.9858289273054912
    zo_loss: 0.04347826086956519
model_name: JOPLEn
params:
  SquaredFNorm_lam: 823.2954397121046
  cell_model: CellModel.linear
  loss_fn: LogisticLoss
  max_iters: 100000
  mu: 9.532697797890561
  n_cells: 16
  n_partitions: 678
  partitioner: LinearForestPartition
  random_state: 0
  verbose: false
test_score: 0.2548782324017808
train_time: 17.27299666404724
val_score: 0.1338167580665836
