contains_categorical: postprocessed
dummy_loss: 18.021826694558577
dummy_metadata:
  auc: 0.5
  zo_loss: 0.5
metadata:
  n_epochs: 145
  test:
    auc: 1.0
    zo_loss: 0.0
  val:
    auc: 1.0
    zo_loss: 0.0
model_name: JOPLEn
params:
  SquaredFNorm_lam: 0.0007601269237283909
  SquaredLaplacian_lam: 0.0006843804172253616
  SquaredLaplacian_laplacian_type: LaplacianType.NORMALIZED
  SquaredLaplacian_sigma: 1000.0
  cell_model: CellModel.constant
  loss_fn: LogisticLoss
  max_iters: 100000
  mu: 7.627554541538026
  n_cells: 12
  n_partitions: 331
  partitioner: VPartition
  random_state: 0
  verbose: false
test_score: 0.03416040637416539
train_time: 0.6071493625640869
val_score: 0.009853174526979314
