contains_categorical: postprocessed
dummy_loss: 6.758185010459466
dummy_metadata:
  auc: 0.5
  zo_loss: 0.1875
metadata:
  n_epochs: 725
  test:
    auc: 0.5897435897435898
    zo_loss: 0.125
  val:
    auc: 0.8266666666666667
    zo_loss: 0.19354838709677424
model_name: JOPLEn
params:
  SquaredFNorm_lam: 0.00039971793299546643
  cell_model: CellModel.constant
  loss_fn: LogisticLoss
  max_iters: 100000
  mu: 1.0e-05
  n_cells: 22
  n_partitions: 54
  partitioner: GBPartition
  random_state: 0
  verbose: false
test_score: 0.47922801672909576
train_time: 1.9329915046691895
val_score: 0.3856643078162403
