contains_categorical: postprocessed
dummy_loss: 13.14091529811563
dummy_metadata:
  auc: 0.5
  zo_loss: 0.36458333333333337
metadata:
  n_epochs: 288
  test:
    auc: 0.984543325526932
    zo_loss: 0.05208333333333337
  val:
    auc: 0.983739837398374
    zo_loss: 0.0625
model_name: JOPLEn
params:
  SquaredFNorm_lam: 0.008615456776900364
  SquaredLaplacian_lam: 1.0e-05
  SquaredLaplacian_laplacian_type: LaplacianType.NORMALIZED
  SquaredLaplacian_sigma: 2.4012517111828194e-05
  cell_model: CellModel.linear
  loss_fn: LogisticLoss
  max_iters: 100000
  mu: 1.0e-05
  n_cells: 31
  n_partitions: 990
  partitioner: RFPartition
  random_state: 0
  verbose: false
test_score: 0.15242000368654965
train_time: 4.1837403774261475
val_score: 0.15512218172349243
