contains_categorical: postprocessed
dummy_loss: 13.63813912020649
dummy_metadata:
  auc: 0.5
  zo_loss: 0.3783783783783784
metadata:
  n_epochs: 188
  test:
    auc: 0.7360248447204969
    zo_loss: 0.2702702702702703
  val:
    auc: 0.6993695823483057
    zo_loss: 0.3513513513513513
model_name: JOPLEn
params:
  L1Norm_lam: 0.00031067684172177124
  cell_model: CellModel.constant
  loss_fn: LogisticLoss
  max_iters: 100000
  mu: 4.607400980052504
  n_cells: 2
  n_partitions: 104
  partitioner: RFPartition
  random_state: 0
  verbose: false
test_score: 0.5754222893200626
train_time: 0.5665059089660645
val_score: 0.603955779836817
