contains_categorical: postprocessed
dummy_loss: 12.014551129705717
dummy_metadata:
  auc: 0.5
  zo_loss: 0.33333333333333337
metadata:
  n_epochs: 137
  test:
    auc: 0.890625
    zo_loss: 0.16666666666666663
  val:
    auc: 0.9765625
    zo_loss: 0.04166666666666663
model_name: JOPLEn
params:
  SquaredFNorm_lam: 0.0006477534318006956
  SquaredLaplacian_lam: 8.583161018570165e-05
  SquaredLaplacian_laplacian_type: LaplacianType.NORMALIZED
  SquaredLaplacian_sigma: 8.596195278059495
  cell_model: CellModel.constant
  loss_fn: LogisticLoss
  max_iters: 100000
  mu: 5.464592084500604
  n_cells: 8
  n_partitions: 59
  partitioner: LinearForestPartition
  random_state: 0
  verbose: false
test_score: 0.3756475540839404
train_time: 0.46674323081970215
val_score: 0.20679849457922028
