contains_categorical: false
dummy_loss: 6.553391525294028
dummy_metadata:
  auc: 0.5
  zo_loss: 0.18181818181818177
metadata:
  test:
    auc: 0.6111111111111112
    zo_loss: 0.2727272727272727
  val:
    auc: 0.9583333333333334
    zo_loss: 0.045454545454545414
model_name: ExtraTreesClassifier
params:
  criterion: log_loss
  max_depth: 5
  max_features: 1
  max_leaf_nodes: 21
  n_estimators: 588
  random_state: 0
test_score: 0.4960904545301116
train_time: 0.26564931869506836
val_score: 0.23782186404012864
