contains_categorical: postprocessed
dummy_loss: 13.14091529811563
dummy_metadata:
  auc: 0.5
  zo_loss: 0.36458333333333337
metadata:
  n_epochs: 120
  test:
    auc: 0.97096018735363
    zo_loss: 0.09375
  val:
    auc: 0.9789089195239778
    zo_loss: 0.08333333333333337
model_name: JOPLEn
params:
  L1Norm_lam: 0.0004836872270675932
  cell_model: CellModel.constant
  loss_fn: LogisticLoss
  max_iters: 100000
  mu: 0.4880757399822701
  n_cells: 11
  n_partitions: 596
  partitioner: VPartition
  random_state: 0
  verbose: false
test_score: 0.21711644664674948
train_time: 0.6686770915985107
val_score: 0.19187280412483754
