contains_categorical: postprocessed
dummy_loss: 17.336333900041623
dummy_metadata:
  auc: 0.5
  zo_loss: 0.48098159509202454
metadata:
  test:
    auc: 0.8823032759202972
    zo_loss: 0.19263803680981595
  val:
    auc: 0.8821313866406705
    zo_loss: 0.19533169533169537
model_name: ExtraTreesClassifier
params:
  criterion: log_loss
  max_depth: 5
  max_features: 1
  max_leaf_nodes: 28
  n_estimators: 12
  random_state: 0
test_score: 0.4089554824541489
train_time: 0.014667987823486328
val_score: 0.4054790951707
