contains_categorical: postprocessed
dummy_loss: 2.669900251045715
dummy_metadata:
  auc: 0.5
  zo_loss: 0.07407407407407407
metadata:
  n_epochs: 12609
  test:
    auc: 0.9800000000000001
    zo_loss: 0.07407407407407407
  val:
    auc: 1.0
    zo_loss: 0.0
model_name: JOPLEn
params:
  Group21Norm_lam: 0.6230330064975114
  cell_model: CellModel.linear
  loss_fn: LogisticLoss
  max_iters: 100000
  mu: 2.3045860707988015
  n_cells: 3
  n_partitions: 182
  partitioner: RFPartition
  random_state: 0
  verbose: false
test_score: 0.8679670388663173
train_time: 32.6269257068634
val_score: 1.6531860677059751e-07
