contains_categorical: postprocessed
dummy_loss: 12.35782401912588
dummy_metadata:
  auc: 0.5
  zo_loss: 0.34285714285714286
metadata:
  n_epochs: 1925
  test:
    auc: 0.9189311594202899
    zo_loss: 0.09999999999999998
  val:
    auc: 0.9766757246376812
    zo_loss: 0.07857142857142863
model_name: JOPLEn
params:
  L1Norm_lam: 6.746677916721672e-05
  cell_model: CellModel.constant
  loss_fn: LogisticLoss
  max_iters: 100000
  mu: 1.0e-05
  n_cells: 23
  n_partitions: 30
  partitioner: RFPartition
  random_state: 0
  verbose: false
test_score: 0.3047707156631846
train_time: 4.790435075759888
val_score: 0.1728022224171929
