contains_categorical: postprocessed
dummy_loss: 12.35782401912588
dummy_metadata:
  auc: 0.5
  zo_loss: 0.34285714285714286
metadata:
  test:
    auc: 1.0
    zo_loss: 0.014285714285714235
  val:
    auc: 0.9576539855072465
    zo_loss: 0.09999999999999998
model_name: ExtraTreesClassifier
params:
  criterion: log_loss
  max_depth: 5
  max_features: 1
  max_leaf_nodes: 23
  n_estimators: 10
  random_state: 0
test_score: 0.278045570816155
train_time: 0.007745265960693359
val_score: 0.349863720365213
