contains_categorical: false
dummy_loss: 17.506917360428332
dummy_metadata:
  auc: 0.5
  zo_loss: 0.48571428571428577
metadata:
  n_epochs: 105
  test:
    auc: 0.7091503267973855
    zo_loss: 0.37142857142857144
  val:
    auc: 0.626890756302521
    zo_loss: 0.42028985507246375
model_name: JOPLEn
params:
  GroupInf1Norm_lam: 174.62524922701763
  cell_model: CellModel.linear
  loss_fn: LogisticLoss
  max_iters: 100000
  mu: 1.0
  n_cells: 8
  n_partitions: 59
  partitioner: VPartition
  random_state: 0
  verbose: false
test_score: 0.6488175363399281
train_time: 0.3276677131652832
val_score: 0.6720526808336642
