contains_categorical: postprocessed
dummy_loss: 10.813096016735146
dummy_metadata:
  auc: 0.5
  zo_loss: 0.30000000000000004
metadata:
  n_epochs: 181
  test:
    auc: 0.8571428571428571
    zo_loss: 0.30000000000000004
  val:
    auc: 0.9466666666666667
    zo_loss: 0.09999999999999998
model_name: JOPLEn
params:
  SquaredFNorm_lam: 0.0002298410787026362
  SquaredLaplacian_lam: 1.2546031491552977e-05
  SquaredLaplacian_laplacian_type: LaplacianType.LEFT_NORMALIZED
  SquaredLaplacian_sigma: 13.575948452298729
  cell_model: CellModel.constant
  loss_fn: LogisticLoss
  max_iters: 100000
  mu: 8.84302787455713
  n_cells: 2
  n_partitions: 413
  partitioner: VPartition
  random_state: 0
  verbose: false
test_score: 0.5990288258129179
train_time: 0.7459285259246826
val_score: 0.2205225206181347
