contains_categorical: false
dummy_loss: 18.021826694558577
dummy_metadata:
  auc: 0.5
  zo_loss: 0.5
metadata:
  n_epochs: 1562
  test:
    auc: 0.9985536888239591
    zo_loss: 0.020270270270270285
  val:
    auc: 0.9979245145009692
    zo_loss: 0.020283975659229236
model_name: JOPLEn
params:
  SquaredFNorm_lam: 0.011394788176265292
  SquaredLaplacian_lam: 1.0e-05
  SquaredLaplacian_laplacian_type: LaplacianType.NORMALIZED
  SquaredLaplacian_sigma: 0.0002369348564194328
  cell_model: CellModel.linear
  loss_fn: LogisticLoss
  max_iters: 100000
  mu: 1.0e-05
  n_cells: 22
  n_partitions: 369
  partitioner: RFPartition
  random_state: 0
  verbose: false
test_score: 0.052615790783675155
train_time: 28.356815576553345
val_score: 0.05918771073110175
