contains_categorical: postprocessed
dummy_loss: 7.20873067782343
dummy_metadata:
  auc: 0.5
  zo_loss: 0.19999999999999996
metadata:
  n_epochs: 112
  test:
    auc: 0.8125
    zo_loss: 0.19999999999999996
  val:
    auc: 0.9333333333333333
    zo_loss: 0.15000000000000002
model_name: JOPLEn
params:
  SquaredFNorm_lam: 3.766830628056066e-05
  SquaredLaplacian_lam: 0.0027931135761364526
  SquaredLaplacian_laplacian_type: LaplacianType.STANDARD
  SquaredLaplacian_sigma: 3.6728070435067637
  cell_model: CellModel.linear
  loss_fn: LogisticLoss
  max_iters: 100000
  mu: 1.0
  n_cells: 3
  n_partitions: 30
  partitioner: VPartition
  random_state: 0
  verbose: false
test_score: 0.42596633608362
train_time: 0.36750030517578125
val_score: 0.25393790701623653
