contains_categorical: postprocessed
dummy_loss: 10.813096016735146
dummy_metadata:
  auc: 0.5
  zo_loss: 0.30000000000000004
metadata:
  n_epochs: 132
  test:
    auc: 0.572857142857143
    zo_loss: 0.31000000000000005
  val:
    auc: 0.6789285714285714
    zo_loss: 0.29000000000000004
model_name: JOPLEn
params:
  SquaredFNorm_lam: 360.5045121674922
  SquaredLaplacian_lam: 1.0e-05
  SquaredLaplacian_laplacian_type: LaplacianType.NORMALIZED
  SquaredLaplacian_sigma: 0.0023726765085347983
  cell_model: CellModel.linear
  loss_fn: LogisticLoss
  max_iters: 100000
  mu: 1.335592769337634
  n_cells: 32
  n_partitions: 898
  partitioner: LinearForestPartition
  random_state: 0
  verbose: false
test_score: 0.6353174634799248
train_time: 2.2639050483703613
val_score: 0.5686028002981218
