contains_categorical: postprocessed
dummy_loss: 15.859207491211547
dummy_metadata:
  auc: 0.5
  zo_loss: 0.43999999999999995
metadata:
  n_epochs: 127
  test:
    auc: 0.6631493506493507
    zo_loss: 0.31999999999999995
  val:
    auc: 0.7372159090909092
    zo_loss: 0.31000000000000005
model_name: JOPLEn
params:
  SquaredFNorm_lam: 0.0011998954663526402
  SquaredLaplacian_lam: 3.837839277502835e-05
  SquaredLaplacian_laplacian_type: LaplacianType.LEFT_NORMALIZED
  SquaredLaplacian_sigma: 5.515796560805651
  cell_model: CellModel.constant
  loss_fn: LogisticLoss
  max_iters: 100000
  mu: 7.834804491012637
  n_cells: 5
  n_partitions: 287
  partitioner: GBPartition
  random_state: 0
  verbose: false
test_score: 0.6497272639402893
train_time: 0.6067774295806885
val_score: 0.5923731538346729
