contains_categorical: postprocessed
dummy_loss: 2.669900251045715
dummy_metadata:
  auc: 0.5
  zo_loss: 0.07407407407407407
metadata:
  n_epochs: 229
  test:
    auc: 1.0
    zo_loss: 0.07407407407407407
  val:
    auc: 1.0
    zo_loss: 0.0
model_name: JOPLEn
params:
  SquaredFNorm_lam: 0.0003365749531409899
  SquaredLaplacian_lam: 0.0008104300784634851
  SquaredLaplacian_laplacian_type: LaplacianType.LEFT_NORMALIZED
  SquaredLaplacian_sigma: 0.0009859534211488015
  cell_model: CellModel.constant
  loss_fn: LogisticLoss
  max_iters: 100000
  mu: 9.179493328117418
  n_cells: 8
  n_partitions: 137
  partitioner: LinearForestPartition
  random_state: 0
  verbose: false
test_score: 0.4261900160879068
train_time: 0.8126685619354248
val_score: 0.0005933834401076099
