contains_categorical: postprocessed
dummy_loss: 12.191235705142565
dummy_metadata:
  auc: 0.5
  zo_loss: 0.3382352941176471
metadata:
  test:
    auc: 0.633816425120773
    zo_loss: 0.32352941176470584
  val:
    auc: 0.677530864197531
    zo_loss: 0.32592592592592595
model_name: RandomForestClassifier
params:
  ccp_alpha: 0.00011924319527379267
  criterion: log_loss
  max_depth: 4
  max_leaf_nodes: 11
  n_estimators: 1000
  n_jobs: -1
  random_state: 0
test_score: 0.6136058255098136
train_time: 0.8892631530761719
val_score: 0.5999812151380762
