contains_categorical: postprocessed
dummy_loss: 16.01940150627429
dummy_metadata:
  auc: 0.5
  zo_loss: 0.4444444444444444
metadata:
  n_epochs: 107
  test:
    auc: 0.8444444444444444
    zo_loss: 0.18518518518518523
  val:
    auc: 0.8472222222222222
    zo_loss: 0.2222222222222222
model_name: JOPLEn
params:
  SquaredFNorm_lam: 0.011494570069126667
  SquaredLaplacian_lam: 0.015206009663577989
  SquaredLaplacian_laplacian_type: LaplacianType.STANDARD
  SquaredLaplacian_sigma: 1000.0
  cell_model: CellModel.linear
  loss_fn: LogisticLoss
  max_iters: 100000
  mu: 4.339104001971045
  n_cells: 2
  n_partitions: 42
  partitioner: RFPartition
  random_state: 0
  verbose: false
test_score: 0.5475336860727082
train_time: 0.3735644817352295
val_score: 0.484081840317177
