contains_categorical: postprocessed
dummy_loss: 16.01940150627429
dummy_metadata:
  auc: 0.5
  zo_loss: 0.4444444444444444
metadata:
  n_epochs: 112
  test:
    auc: 0.8444444444444444
    zo_loss: 0.18518518518518523
  val:
    auc: 0.8625
    zo_loss: 0.2592592592592593
model_name: JOPLEn
params:
  SquaredFNorm_lam: 0.015247421374657576
  SquaredLaplacian_lam: 7.181244091191133e-05
  SquaredLaplacian_laplacian_type: LaplacianType.LEFT_NORMALIZED
  SquaredLaplacian_sigma: 0.04494303426087229
  cell_model: CellModel.linear
  loss_fn: LogisticLoss
  max_iters: 100000
  mu: 8.50627429369345
  n_cells: 2
  n_partitions: 566
  partitioner: GBPartition
  random_state: 0
  verbose: false
test_score: 0.5250632054141475
train_time: 0.5819704532623291
val_score: 0.4630241589759986
