contains_categorical: postprocessed
dummy_loss: 6.007275564852859
dummy_metadata:
  auc: 0.5
  zo_loss: 0.16666666666666663
metadata:
  n_epochs: 165
  test:
    auc: 0.5777777777777777
    zo_loss: 0.16666666666666663
  val:
    auc: 0.6741935483870968
    zo_loss: 0.13888888888888884
model_name: JOPLEn
params:
  GroupInf1Norm_lam: 15.045923461249608
  SquaredFNorm_lam: 0.003443401058452445
  cell_model: CellModel.linear
  loss_fn: LogisticLoss
  max_iters: 100000
  n_cells: 2
  n_partitions: 22
  partitioner: LinearForestPartition
  random_state: 0
  verbose: false
test_score: 0.44731779906454505
train_time: 1.045987844467163
val_score: 0.4006485941055906
