contains_categorical: false
dummy_loss: 9.301587971385072
dummy_metadata:
  auc: 0.5
  zo_loss: 0.25806451612903225
metadata:
  n_epochs: 116
  test:
    auc: 0.7010869565217391
    zo_loss: 0.22580645161290325
  val:
    auc: 0.7017663043478262
    zo_loss: 0.25806451612903225
model_name: JOPLEn
params:
  SquaredFNorm_lam: 0.12457443021947306
  SquaredLaplacian_lam: 1.0e-05
  SquaredLaplacian_laplacian_type: LaplacianType.LEFT_NORMALIZED
  SquaredLaplacian_sigma: 0.6164602362024929
  cell_model: CellModel.linear
  loss_fn: LogisticLoss
  max_iters: 100000
  mu: 7.270566079199561
  n_cells: 8
  n_partitions: 10
  partitioner: RFPartition
  random_state: 0
  verbose: false
test_score: 0.5041973518092103
train_time: 0.3800797462463379
val_score: 0.5345019420977347
