contains_categorical: postprocessed
dummy_loss: 0.5721214823669392
dummy_metadata:
  auc: 0.5
  zo_loss: 0.015873015873015928
metadata:
  n_epochs: 462
  test:
    auc: 0.9681899641577061
    zo_loss: 0.01851851851851849
  val:
    auc: 0.8985287511230907
    zo_loss: 0.011936339522546469
model_name: JOPLEn
params:
  SquaredFNorm_lam: 110.69033684451672
  SquaredLaplacian_lam: 7.47024206474815e-05
  SquaredLaplacian_laplacian_type: LaplacianType.LEFT_NORMALIZED
  SquaredLaplacian_sigma: 0.34291230600097244
  cell_model: CellModel.linear
  loss_fn: LogisticLoss
  max_iters: 100000
  mu: 5.159804037324166
  n_cells: 8
  n_partitions: 44
  partitioner: RFPartition
  random_state: 0
  verbose: false
test_score: 0.05286112575809167
train_time: 1.7610158920288086
val_score: 0.04758575590516766
