contains_categorical: postprocessed
dummy_loss: 16.277778949923874
dummy_metadata:
  auc: 0.5
  zo_loss: 0.4516129032258065
metadata:
  n_epochs: 392
  test:
    auc: 0.8319327731092437
    zo_loss: 0.22580645161290325
  val:
    auc: 0.7543290043290043
    zo_loss: 0.3114754098360656
model_name: JOPLEn
params:
  SquaredFNorm_lam: 0.09867448650341196
  SquaredLaplacian_lam: 5.448269026241308e-05
  SquaredLaplacian_laplacian_type: LaplacianType.NORMALIZED
  SquaredLaplacian_sigma: 0.00012274013748178183
  cell_model: CellModel.constant
  loss_fn: LogisticLoss
  max_iters: 100000
  mu: 1.0e-05
  n_cells: 16
  n_partitions: 396
  partitioner: LinearForestPartition
  random_state: 0
  verbose: false
test_score: 0.5555630609990304
train_time: 1.542590856552124
val_score: 0.6023487986655651
