contains_categorical: false
dummy_loss: 10.593236393474356
dummy_metadata:
  auc: 0.5
  zo_loss: 0.2939001848428835
metadata:
  test:
    auc: 0.8395650169580823
    zo_loss: 0.27171903881700554
  val:
    auc: 0.8529815480152644
    zo_loss: 0.25555555555555554
model_name: ExtraTreesClassifier
params:
  criterion: log_loss
  max_depth: 5
  max_features: 1
  max_leaf_nodes: 32
  n_estimators: 19
  random_state: 0
test_score: 0.48571124286135137
train_time: 0.017855167388916016
val_score: 0.4789733664096805
