contains_categorical: postprocessed
dummy_loss: 13.216006242676288
dummy_metadata:
  auc: 0.5
  zo_loss: 0.3666666666666667
metadata:
  n_epochs: 230
  test:
    auc: 0.8516746411483254
    zo_loss: 0.16666666666666663
  val:
    auc: 0.8609022556390977
    zo_loss: 0.18644067796610164
model_name: JOPLEn
params:
  SquaredFNorm_lam: 776.5114781542935
  SquaredLaplacian_lam: 0.0009712869099674593
  SquaredLaplacian_laplacian_type: LaplacianType.LEFT_NORMALIZED
  SquaredLaplacian_sigma: 0.044296382958149666
  cell_model: CellModel.linear
  loss_fn: LogisticLoss
  max_iters: 100000
  mu: 4.334135580511465
  n_cells: 11
  n_partitions: 24
  partitioner: GBPartition
  random_state: 0
  verbose: false
test_score: 0.4238206559154748
train_time: 0.734356164932251
val_score: 0.4540960293076826
