contains_categorical: postprocessed
dummy_loss: 1.7055356493273102
dummy_metadata:
  auc: 0.5
  zo_loss: 0.04731861198738174
metadata:
  n_epochs: 150
  test:
    auc: 0.9902869757174393
    zo_loss: 0.02208201892744477
  val:
    auc: 0.97984496124031
    zo_loss: 0.02373417721518989
model_name: JOPLEn
params:
  SquaredFNorm_lam: 0.04296505925302503
  cell_model: CellModel.constant
  loss_fn: LogisticLoss
  max_iters: 100000
  mu: 2.0542609171560886
  n_cells: 32
  n_partitions: 312
  partitioner: LinearForestPartition
  random_state: 0
  verbose: false
test_score: 0.06402115873870158
train_time: 2.1879687309265137
val_score: 0.07487077707331893
