contains_categorical: false
dummy_loss: 1.0261527502745933
dummy_metadata: {}
metadata:
  test: {}
  val: {}
model_name: XGBRegressor
params:
  early_stopping_rounds: 65
  learning_rate: 0.22503551825088322
  max_leaves: 4
  n_estimators: 920
  objective: reg:squarederror
  random_state: 0
  reg_alpha: 0.03711635082585424
  reg_lambda: 6.794358832136866e-05
  verbosity: 0
test_score: 0.18944485055382373
train_time: 1.396960735321045
val_score: 0.20665847942584595
