contains_categorical: false
dummy_loss: 17.826996135698483
dummy_metadata:
  auc: 0.5
  zo_loss: 0.49459459459459465
metadata:
  n_epochs: 141
  test:
    auc: 0.9947400718856841
    zo_loss: 0.032432432432432434
  val:
    auc: 0.994861047102801
    zo_loss: 0.03853955375253548
model_name: JOPLEn
params:
  SquaredFNorm_lam: 0.4816288951635408
  SquaredLaplacian_lam: 1.5168918082026126e-05
  SquaredLaplacian_laplacian_type: LaplacianType.NORMALIZED
  SquaredLaplacian_sigma: 0.0121266427841685
  cell_model: CellModel.linear
  loss_fn: LogisticLoss
  max_iters: 100000
  mu: 1.7760891488630204
  n_cells: 32
  n_partitions: 384
  partitioner: LinearForestPartition
  random_state: 0
  verbose: false
test_score: 0.09390818826890182
train_time: 26.161717653274536
val_score: 0.09705390628505058
