contains_categorical: postprocessed
dummy_loss: 16.277778949923874
dummy_metadata:
  auc: 0.5
  zo_loss: 0.4516129032258065
metadata:
  test:
    auc: 0.7542016806722689
    zo_loss: 0.3548387096774194
  val:
    auc: 0.7570346320346321
    zo_loss: 0.3278688524590164
model_name: ExtraTreesClassifier
params:
  criterion: log_loss
  max_depth: 5
  max_features: 1
  max_leaf_nodes: 25
  n_estimators: 10
  random_state: 0
test_score: 0.616356623572936
train_time: 0.007418394088745117
val_score: 0.5954627991712456
