contains_categorical: postprocessed
dummy_loss: 2.669900251045715
dummy_metadata:
  auc: 0.5
  zo_loss: 0.07407407407407407
metadata:
  n_epochs: 626
  test:
    auc: 0.96
    zo_loss: 0.07407407407407407
  val:
    auc: 1.0
    zo_loss: 0.0
model_name: JOPLEn
params:
  SquaredFNorm_lam: 4.449491616211261e-05
  cell_model: CellModel.constant
  loss_fn: LogisticLoss
  max_iters: 100000
  mu: 2.278003322898568
  n_cells: 18
  n_partitions: 165
  partitioner: RFPartition
  random_state: 0
  verbose: false
test_score: 0.5562221829900098
train_time: 1.7715120315551758
val_score: 5.4317462769643876e-05
