contains_categorical: postprocessed
dummy_loss: 12.35782401912588
dummy_metadata:
  auc: 0.5
  zo_loss: 0.34285714285714286
metadata:
  n_epochs: 118
  test:
    auc: 0.9999999999999999
    zo_loss: 0.014285714285714235
  val:
    auc: 0.9514266304347827
    zo_loss: 0.09999999999999998
model_name: JOPLEn
params:
  SquaredFNorm_lam: 0.001075123498836358
  SquaredLaplacian_lam: 0.051678262717541834
  SquaredLaplacian_laplacian_type: LaplacianType.LEFT_NORMALIZED
  SquaredLaplacian_sigma: 0.005697024406627271
  cell_model: CellModel.constant
  loss_fn: LogisticLoss
  max_iters: 100000
  mu: 9.248577759213045
  n_cells: 8
  n_partitions: 113
  partitioner: LinearForestPartition
  random_state: 0
  verbose: false
test_score: 0.061616787029971046
train_time: 0.48452162742614746
val_score: 0.24596850173110368
