contains_categorical: false
dummy_loss: 16.961719241937484
dummy_metadata:
  auc: 0.5
  zo_loss: 0.47058823529411764
metadata:
  n_epochs: 147
  test:
    auc: 1.0
    zo_loss: 0.05882352941176472
  val:
    auc: 0.8296296296296297
    zo_loss: 0.24242424242424243
model_name: JOPLEn
params:
  SquaredFNorm_lam: 246.7868487731366
  SquaredLaplacian_lam: 0.0002895903616915336
  SquaredLaplacian_laplacian_type: LaplacianType.NORMALIZED
  SquaredLaplacian_sigma: 0.0002866710015151103
  cell_model: CellModel.linear
  loss_fn: LogisticLoss
  max_iters: 100000
  mu: 1.0
  n_cells: 27
  n_partitions: 338
  partitioner: VPartition
  random_state: 0
  verbose: false
test_score: 0.2558195991115201
train_time: 0.6366417407989502
val_score: 0.47802962301480967
