contains_categorical: false
dummy_loss: 21.626192033470293
dummy_metadata:
  auc: 0.5
  zo_loss: 0.6
metadata:
  n_epochs: 39
  test:
    auc: 1.0
    zo_loss: 0.0
  val:
    auc: 0.88
    zo_loss: 0.09999999999999998
model_name: JOPLEn
params:
  Group21Norm_lam: 0.0010407364198058641
  cell_model: CellModel.linear
  loss_fn: LogisticLoss
  max_iters: 100000
  mu: 10.0
  n_cells: 2
  n_partitions: 202
  partitioner: RFPartition
  random_state: 0
  verbose: false
test_score: 0.06981476451640624
train_time: 0.24077296257019043
val_score: 0.34572893079333655
