contains_categorical: postprocessed
dummy_loss: 11.185961396622565
dummy_metadata:
  auc: 0.5
  zo_loss: 0.31034482758620685
metadata:
  n_epochs: 923
  test:
    auc: 0.6722222222222223
    zo_loss: 0.31034482758620685
  val:
    auc: 0.5624103299856528
    zo_loss: 0.2931034482758621
model_name: JOPLEn
params:
  SquaredFNorm_lam: 3.4785624998465715e-05
  cell_model: CellModel.constant
  loss_fn: LogisticLoss
  max_iters: 100000
  mu: 1.0e-05
  n_cells: 2
  n_partitions: 32
  partitioner: RFPartition
  random_state: 0
  verbose: false
test_score: 0.5956583446539733
train_time: 2.426858425140381
val_score: 0.5993709251090443
