contains_categorical: postprocessed
dummy_loss: 6.758185010459466
dummy_metadata:
  auc: 0.5
  zo_loss: 0.1875
metadata:
  n_epochs: 1197
  test:
    auc: 0.5384615384615384
    zo_loss: 0.125
  val:
    auc: 0.7766666666666667
    zo_loss: 0.19354838709677424
model_name: JOPLEn
params:
  GroupInf1Norm_lam: 0.3330879711429075
  cell_model: CellModel.linear
  loss_fn: LogisticLoss
  max_iters: 100000
  mu: 1.0e-05
  n_cells: 2
  n_partitions: 23
  partitioner: RFPartition
  random_state: 0
  verbose: false
test_score: 0.4780185965094066
train_time: 3.1086037158966064
val_score: 0.4224440093729968
