contains_categorical: postprocessed
dummy_loss: 16.193525435690322
dummy_metadata:
  auc: 0.5
  zo_loss: 0.4492753623188406
metadata:
  n_epochs: 412
  test:
    auc: 0.8387096774193548
    zo_loss: 0.23188405797101452
  val:
    auc: 0.8216946987438791
    zo_loss: 0.21014492753623193
model_name: JOPLEn
params:
  SquaredFNorm_lam: 776.5114781542935
  SquaredLaplacian_lam: 0.0009712869099674593
  SquaredLaplacian_laplacian_type: LaplacianType.LEFT_NORMALIZED
  SquaredLaplacian_sigma: 0.044296382958149666
  cell_model: CellModel.linear
  loss_fn: LogisticLoss
  max_iters: 100000
  mu: 4.334135580511465
  n_cells: 4
  n_partitions: 24
  partitioner: LinearForestPartition
  random_state: 0
  verbose: false
test_score: 0.49039624608891885
train_time: 1.3367664813995361
val_score: 0.5119640489835621
