contains_categorical: postprocessed
dummy_loss: 13.730915576806535
dummy_metadata:
  auc: 0.5
  zo_loss: 0.38095238095238093
metadata:
  n_epochs: 291
  test:
    auc: 0.9423076923076923
    zo_loss: 0.1428571428571429
  val:
    auc: 1.0
    zo_loss: 0.0
model_name: JOPLEn
params:
  SquaredFNorm_lam: 0.0006038868966711582
  SquaredLaplacian_lam: 3.605382492849453e-05
  SquaredLaplacian_laplacian_type: LaplacianType.LEFT_NORMALIZED
  SquaredLaplacian_sigma: 1.9089473330296263
  cell_model: CellModel.constant
  loss_fn: LogisticLoss
  max_iters: 100000
  mu: 10.0
  n_cells: 8
  n_partitions: 318
  partitioner: LinearForestPartition
  random_state: 0
  verbose: false
test_score: 0.3706794905817138
train_time: 1.2342231273651123
val_score: 0.05290752314096988
