contains_categorical: false
dummy_loss: 12.638683655924195
dummy_metadata:
  auc: 0.5
  zo_loss: 0.35064935064935066
metadata:
  n_epochs: 682
  test:
    auc: 0.8562962962962963
    zo_loss: 0.22077922077922074
  val:
    auc: 0.8427777777777777
    zo_loss: 0.2532467532467533
model_name: JOPLEn
params:
  L1Norm_lam: 0.0002984286854215906
  cell_model: CellModel.constant
  loss_fn: LogisticLoss
  max_iters: 100000
  mu: 1.0e-05
  n_cells: 32
  n_partitions: 497
  partitioner: LinearForestPartition
  random_state: 0
  verbose: false
test_score: 0.4520232093688407
train_time: 3.1781973838806152
val_score: 0.4629277964641571
