contains_categorical: postprocessed
dummy_loss: 21.626192033470293
dummy_metadata:
  auc: 0.5
  zo_loss: 0.6
metadata:
  test:
    auc: 0.5
    zo_loss: 0.6
  val:
    auc: 0.5
    zo_loss: 0.5
model_name: RandomForestClassifier
params:
  ccp_alpha: 3.5593497695380516
  criterion: log_loss
  max_depth: 3
  max_leaf_nodes: 9
  n_estimators: 104
  n_jobs: -1
  random_state: 0
test_score: 0.6933675646603706
train_time: 0.10924935340881348
val_score: 0.6931477843521225
