contains_categorical: postprocessed
dummy_loss: 12.014551129705717
dummy_metadata:
  auc: 0.5
  zo_loss: 0.33333333333333337
metadata:
  n_epochs: 104
  test:
    auc: 0.890625
    zo_loss: 0.25
  val:
    auc: 1.0
    zo_loss: 0.08333333333333337
model_name: JOPLEn
params:
  L1Norm_lam: 0.0003764288937390135
  cell_model: CellModel.constant
  loss_fn: LogisticLoss
  max_iters: 100000
  mu: 5.530311786968731
  n_cells: 6
  n_partitions: 18
  partitioner: RFPartition
  random_state: 0
  verbose: false
test_score: 0.7701162656304202
train_time: 0.27665162086486816
val_score: 0.13723259331078075
