contains_categorical: postprocessed
dummy_loss: 12.014551129705717
dummy_metadata:
  auc: 0.5
  zo_loss: 0.33333333333333337
metadata:
  n_epochs: 3641
  test:
    auc: 0.828125
    zo_loss: 0.16666666666666663
  val:
    auc: 0.9375
    zo_loss: 0.16666666666666663
model_name: JOPLEn
params:
  SquaredFNorm_lam: 0.09137361787435534
  SquaredLaplacian_lam: 3.542120988716323e-05
  SquaredLaplacian_laplacian_type: LaplacianType.LEFT_NORMALIZED
  SquaredLaplacian_sigma: 6.572487801759198
  cell_model: CellModel.linear
  loss_fn: LogisticLoss
  max_iters: 100000
  mu: 7.7110239589582426
  n_cells: 6
  n_partitions: 228
  partitioner: RFPartition
  random_state: 0
  verbose: false
test_score: 0.40788269511541597
train_time: 11.884803533554077
val_score: 0.321056030657542
