contains_categorical: false
dummy_loss: 17.506917360428332
dummy_metadata:
  auc: 0.5
  zo_loss: 0.48571428571428577
metadata:
  n_epochs: 106
  test:
    auc: 0.69281045751634
    zo_loss: 0.37142857142857144
  val:
    auc: 0.6050420168067226
    zo_loss: 0.42028985507246375
model_name: JOPLEn
params:
  SquaredFNorm_lam: 0.5294613807602344
  SquaredLaplacian_lam: 0.04989636125919589
  SquaredLaplacian_laplacian_type: LaplacianType.STANDARD
  SquaredLaplacian_sigma: 26.643248904497728
  cell_model: CellModel.constant
  loss_fn: LogisticLoss
  max_iters: 100000
  mu: 7.440365262590224
  n_cells: 4
  n_partitions: 67
  partitioner: LinearForestPartition
  random_state: 0
  verbose: false
test_score: 0.6509875231065312
train_time: 0.44734716415405273
val_score: 0.6914186470315704
