contains_categorical: postprocessed
dummy_loss: 2.669900251045715
dummy_metadata:
  auc: 0.5
  zo_loss: 0.07407407407407407
metadata:
  n_epochs: 525
  test:
    auc: 1.0
    zo_loss: 0.07407407407407407
  val:
    auc: 1.0
    zo_loss: 0.0
model_name: JOPLEn
params:
  SquaredFNorm_lam: 0.0021550486583151746
  SquaredLaplacian_lam: 0.0003951003473744667
  SquaredLaplacian_laplacian_type: LaplacianType.LEFT_NORMALIZED
  SquaredLaplacian_sigma: 0.0017365808584611224
  cell_model: CellModel.linear
  loss_fn: LogisticLoss
  max_iters: 100000
  mu: 8.012365975321392
  n_cells: 4
  n_partitions: 91
  partitioner: LinearForestPartition
  random_state: 0
  verbose: false
test_score: 0.6337780942709357
train_time: 1.7671403884887695
val_score: 2.771207044847991e-06
