contains_categorical: postprocessed
dummy_loss: 12.270179877146266
dummy_metadata:
  auc: 0.5
  zo_loss: 0.34042553191489366
metadata:
  n_epochs: 253
  test:
    auc: 0.7540322580645162
    zo_loss: 0.23404255319148937
  val:
    auc: 0.7674180327868853
    zo_loss: 0.29032258064516125
model_name: JOPLEn
params:
  GroupInf1Norm_lam: 1.040471702307274
  SquaredFNorm_lam: 0.00018306330809457545
  cell_model: CellModel.linear
  loss_fn: LogisticLoss
  max_iters: 100000
  n_cells: 4
  n_partitions: 52
  partitioner: LinearForestPartition
  random_state: 0
  verbose: false
test_score: 0.5544540530047841
train_time: 0.9231405258178711
val_score: 0.5428927405774762
