contains_categorical: postprocessed
dummy_loss: 6.758185010459466
dummy_metadata:
  auc: 0.5
  zo_loss: 0.1875
metadata:
  n_epochs: 568
  test:
    auc: 0.6794871794871795
    zo_loss: 0.25
  val:
    auc: 0.8600000000000001
    zo_loss: 0.09677419354838712
model_name: JOPLEn
params:
  SquaredFNorm_lam: 1000.0
  SquaredLaplacian_lam: 1.9344434074195055e-05
  SquaredLaplacian_laplacian_type: LaplacianType.LEFT_NORMALIZED
  SquaredLaplacian_sigma: 0.04174151995289427
  cell_model: CellModel.linear
  loss_fn: LogisticLoss
  max_iters: 100000
  mu: 4.230526141911179
  n_cells: 4
  n_partitions: 10
  partitioner: LinearForestPartition
  random_state: 0
  verbose: false
test_score: 0.5331291051754745
train_time: 1.7763066291809082
val_score: 0.3490342719991279
