contains_categorical: postprocessed
dummy_loss: 10.813096016735146
dummy_metadata:
  auc: 0.5
  zo_loss: 0.30000000000000004
metadata:
  n_epochs: 1871
  test:
    auc: 0.8571428571428571
    zo_loss: 0.19999999999999996
  val:
    auc: 0.9866666666666667
    zo_loss: 0.050000000000000044
model_name: JOPLEn
params:
  Group21Norm_lam: 20.961556866741784
  cell_model: CellModel.linear
  loss_fn: LogisticLoss
  max_iters: 100000
  mu: 1.0
  n_cells: 2
  n_partitions: 573
  partitioner: VPartition
  random_state: 0
  verbose: false
test_score: 0.8013137124869006
train_time: 5.475940465927124
val_score: 0.08751022829969606
