contains_categorical: postprocessed
dummy_loss: 10.813096016735146
dummy_metadata:
  auc: 0.5
  zo_loss: 0.30000000000000004
metadata:
  n_epochs: 226
  test:
    auc: 0.6088095238095237
    zo_loss: 0.33999999999999997
  val:
    auc: 0.7495833333333333
    zo_loss: 0.265
model_name: JOPLEn
params:
  SquaredFNorm_lam: 1000.0
  cell_model: CellModel.linear
  loss_fn: LogisticLoss
  max_iters: 100000
  mu: 8.852343529687385
  n_cells: 9
  n_partitions: 157
  partitioner: RFPartition
  random_state: 0
  verbose: false
test_score: 0.6086559286011181
train_time: 0.893012285232544
val_score: 0.5329104369787175
