contains_categorical: postprocessed
dummy_loss: 7.20873067782343
dummy_metadata:
  auc: 0.5
  zo_loss: 0.19999999999999996
metadata:
  n_epochs: 996
  test:
    auc: 1.0
    zo_loss: 0.0
  val:
    auc: 0.9333333333333333
    zo_loss: 0.15000000000000002
model_name: JOPLEn
params:
  GroupInf1Norm_lam: 238.18777867796751
  SquaredFNorm_lam: 1.0e-05
  cell_model: CellModel.linear
  loss_fn: LogisticLoss
  max_iters: 100000
  n_cells: 2
  n_partitions: 75
  partitioner: LinearForestPartition
  random_state: 0
  verbose: false
test_score: 0.08683846721444122
train_time: 3.1747167110443115
val_score: 0.24059973529075104
