contains_categorical: postprocessed
dummy_loss: 16.277778949923878
dummy_metadata:
  auc: 0.5
  zo_loss: 0.4516129032258065
metadata:
  n_epochs: 31
  test:
    auc: 0.865546218487395
    zo_loss: 0.32258064516129037
  val:
    auc: 0.8051948051948052
    zo_loss: 0.2786885245901639
model_name: JOPLEn
params:
  Group21Norm_lam: 0.000637928695469757
  cell_model: CellModel.linear
  loss_fn: LogisticLoss
  max_iters: 100000
  mu: 2.75670086015542
  n_cells: 27
  n_partitions: 1000
  partitioner: VPartition
  random_state: 0
  verbose: false
test_score: 0.4893018602501213
train_time: 0.6349830627441406
val_score: 0.5142387426648883
