contains_categorical: postprocessed
dummy_loss: 5.118198781254636
dummy_metadata:
  auc: 0.5
  zo_loss: 0.14200000000000002
metadata:
  n_epochs: 575
  test:
    auc: 0.765438786565547
    zo_loss: 0.09999999999999998
  val:
    auc: 0.7947891352146672
    zo_loss: 0.09809809809809811
model_name: JOPLEn
params:
  GroupInf1Norm_lam: 2.9638927692246972e-05
  SquaredFNorm_lam: 0.02984475501257499
  cell_model: CellModel.linear
  loss_fn: LogisticLoss
  max_iters: 100000
  n_cells: 16
  n_partitions: 225
  partitioner: LinearForestPartition
  random_state: 0
  verbose: false
test_score: 0.3095031813926383
train_time: 5.855414628982544
val_score: 0.3002563588402938
