contains_categorical: postprocessed
dummy_loss: 12.35782401912588
dummy_metadata:
  auc: 0.5
  zo_loss: 0.34285714285714286
metadata:
  n_epochs: 108
  test:
    auc: 0.9189311594202899
    zo_loss: 0.09999999999999998
  val:
    auc: 0.9766757246376812
    zo_loss: 0.07857142857142863
model_name: JOPLEn
params:
  Group21Norm_lam: 0.36372193455243307
  cell_model: CellModel.linear
  loss_fn: LogisticLoss
  max_iters: 100000
  mu: 1.356314202675177
  n_cells: 25
  n_partitions: 25
  partitioner: RFPartition
  random_state: 0
  verbose: false
test_score: 0.3186824636586011
train_time: 0.3123140335083008
val_score: 0.16970636592952612
