contains_categorical: postprocessed
dummy_loss: 12.014551129705717
dummy_metadata:
  auc: 0.5
  zo_loss: 0.33333333333333337
metadata:
  n_epochs: 12043
  test:
    auc: 1.0
    zo_loss: 0.0
  val:
    auc: 1.0
    zo_loss: 0.0
model_name: JOPLEn
params:
  SquaredFNorm_lam: 1.5825844179302546
  cell_model: CellModel.linear
  loss_fn: LogisticLoss
  max_iters: 100000
  mu: 6.652541192428741
  n_cells: 2
  n_partitions: 72
  partitioner: RFPartition
  random_state: 0
  verbose: false
test_score: 1.0132799192314331e-06
train_time: 30.406874179840088
val_score: 0.03599164110265657
