contains_categorical: false
dummy_loss: 12.638683655924195
dummy_metadata:
  auc: 0.5
  zo_loss: 0.35064935064935066
metadata:
  n_epochs: 105
  test:
    auc: 0.8325925925925926
    zo_loss: 0.22077922077922074
  val:
    auc: 0.8477777777777777
    zo_loss: 0.24675324675324672
model_name: JOPLEn
params:
  SquaredFNorm_lam: 0.0032676153933065112
  SquaredLaplacian_lam: 0.05641007447501542
  SquaredLaplacian_laplacian_type: LaplacianType.LEFT_NORMALIZED
  SquaredLaplacian_sigma: 1.789789898656666
  cell_model: CellModel.linear
  loss_fn: LogisticLoss
  max_iters: 100000
  mu: 1.0
  n_cells: 28
  n_partitions: 14
  partitioner: VPartition
  random_state: 0
  verbose: false
test_score: 0.47498383828403495
train_time: 0.36600708961486816
val_score: 0.4690827345631801
