contains_categorical: postprocessed
dummy_loss: 12.270179877146266
dummy_metadata:
  auc: 0.5
  zo_loss: 0.34042553191489366
metadata:
  n_epochs: 1646
  test:
    auc: 0.7600806451612903
    zo_loss: 0.23404255319148937
  val:
    auc: 0.7679303278688525
    zo_loss: 0.29032258064516125
model_name: JOPLEn
params:
  SquaredFNorm_lam: 0.0018218204440152476
  cell_model: CellModel.constant
  loss_fn: LogisticLoss
  max_iters: 100000
  mu: 1.0e-05
  n_cells: 4
  n_partitions: 52
  partitioner: LinearForestPartition
  random_state: 0
  verbose: false
test_score: 0.5535243154606589
train_time: 4.789824485778809
val_score: 0.5428466716730914
