contains_categorical: postprocessed
dummy_loss: 1.7055356493273102
dummy_metadata:
  auc: 0.5
  zo_loss: 0.04731861198738174
metadata:
  n_epochs: 130
  test:
    auc: 0.980794701986755
    zo_loss: 0.03154574132492116
  val:
    auc: 0.9760243632336656
    zo_loss: 0.03322784810126578
model_name: JOPLEn
params:
  Group21Norm_lam: 34.57774318725236
  cell_model: CellModel.linear
  loss_fn: LogisticLoss
  max_iters: 100000
  mu: 1.0
  n_cells: 9
  n_partitions: 1000
  partitioner: VPartition
  random_state: 0
  verbose: false
test_score: 0.08172510790859062
train_time: 1.6705777645111084
val_score: 0.08445106968920472
