contains_categorical: postprocessed
dummy_loss: 13.216006242676288
dummy_metadata:
  auc: 0.5
  zo_loss: 0.3666666666666667
metadata:
  test:
    auc: 0.8803827751196172
    zo_loss: 0.16666666666666663
  val:
    auc: 0.8364661654135338
    zo_loss: 0.15254237288135597
model_name: RandomForestClassifier
params:
  ccp_alpha: 0.033327506278456466
  criterion: log_loss
  max_depth: 4
  max_leaf_nodes: 32
  n_estimators: 10
  n_jobs: -1
  random_state: 0
test_score: 0.4227434003813121
train_time: 0.0388946533203125
val_score: 0.4772194340688308
