contains_categorical: postprocessed
dummy_loss: 6.007275564852859
dummy_metadata:
  auc: 0.5
  zo_loss: 0.16666666666666663
metadata:
  test:
    auc: 0.4666666666666666
    zo_loss: 0.2222222222222222
  val:
    auc: 0.5290322580645161
    zo_loss: 0.16666666666666663
model_name: LinearForestClassifier
params:
  ccp_alpha: 0.043505252952919106
  max_depth: 5
  max_leaf_nodes: 22
  n_estimators: 97
  random_state: 0
test_score: 0.8769364791204892
train_time: 0.06402707099914551
val_score: 0.732698628619942
