contains_categorical: postprocessed
dummy_loss: 11.185961396622565
dummy_metadata:
  auc: 0.5
  zo_loss: 0.31034482758620685
metadata:
  n_epochs: 235
  test:
    auc: 0.5888888888888889
    zo_loss: 0.31034482758620685
  val:
    auc: 0.5688665710186513
    zo_loss: 0.2931034482758621
model_name: JOPLEn
params:
  SquaredFNorm_lam: 330.0595787740766
  SquaredLaplacian_lam: 0.00020421761786001654
  SquaredLaplacian_laplacian_type: LaplacianType.LEFT_NORMALIZED
  SquaredLaplacian_sigma: 0.01954667458633327
  cell_model: CellModel.linear
  loss_fn: LogisticLoss
  max_iters: 100000
  mu: 4.416812673429276
  n_cells: 2
  n_partitions: 23
  partitioner: LinearForestPartition
  random_state: 0
  verbose: false
test_score: 0.5943145438260605
train_time: 0.7549502849578857
val_score: 0.595324449573755
