contains_categorical: postprocessed
dummy_loss: 12.35782401912588
dummy_metadata:
  auc: 0.5
  zo_loss: 0.34285714285714286
metadata:
  n_epochs: 189
  test:
    auc: 0.9171195652173914
    zo_loss: 0.09999999999999998
  val:
    auc: 0.9755434782608695
    zo_loss: 0.05714285714285716
model_name: JOPLEn
params:
  SquaredFNorm_lam: 26.06606490159437
  SquaredLaplacian_lam: 0.0002162140683154229
  SquaredLaplacian_laplacian_type: LaplacianType.LEFT_NORMALIZED
  SquaredLaplacian_sigma: 4.883713846179368
  cell_model: CellModel.linear
  loss_fn: LogisticLoss
  max_iters: 100000
  mu: 1.0
  n_cells: 21
  n_partitions: 10
  partitioner: VPartition
  random_state: 0
  verbose: false
test_score: 0.3021893064007294
train_time: 0.6148145198822021
val_score: 0.1806903116144649
