contains_categorical: false
dummy_loss: 9.301587971385072
dummy_metadata:
  auc: 0.5
  zo_loss: 0.25806451612903225
metadata:
  n_epochs: 105
  test:
    auc: 0.6793478260869565
    zo_loss: 0.29032258064516125
  val:
    auc: 0.6677989130434783
    zo_loss: 0.24193548387096775
model_name: JOPLEn
params:
  SquaredFNorm_lam: 0.003144194320311427
  cell_model: CellModel.constant
  loss_fn: LogisticLoss
  max_iters: 100000
  mu: 0.9498387433821553
  n_cells: 11
  n_partitions: 21
  partitioner: VPartition
  random_state: 0
  verbose: false
test_score: 0.5551740163342233
train_time: 0.28528785705566406
val_score: 0.5378882416149322
