contains_categorical: postprocessed
dummy_loss: 16.277778949923878
dummy_metadata:
  auc: 0.5
  zo_loss: 0.4516129032258065
metadata:
  n_epochs: 121
  test:
    auc: 0.7142857142857143
    zo_loss: 0.29032258064516125
  val:
    auc: 0.8268398268398268
    zo_loss: 0.2295081967213115
model_name: JOPLEn
params:
  GroupInf1Norm_lam: 28.32238482122096
  cell_model: CellModel.linear
  loss_fn: LogisticLoss
  max_iters: 100000
  mu: 2.0927739242274086
  n_cells: 9
  n_partitions: 103
  partitioner: VPartition
  random_state: 0
  verbose: false
test_score: 0.6338407331773902
train_time: 0.3839905261993408
val_score: 0.5007443685584763
