contains_categorical: postprocessed
dummy_loss: 12.270179877146266
dummy_metadata:
  auc: 0.5
  zo_loss: 0.34042553191489366
metadata:
  n_epochs: 1561
  test:
    auc: 0.7116935483870968
    zo_loss: 0.276595744680851
  val:
    auc: 0.7515368852459017
    zo_loss: 0.26881720430107525
model_name: JOPLEn
params:
  L1Norm_lam: 0.0005159291709092899
  cell_model: CellModel.constant
  loss_fn: LogisticLoss
  max_iters: 100000
  mu: 1.0e-05
  n_cells: 20
  n_partitions: 15
  partitioner: RFPartition
  random_state: 0
  verbose: false
test_score: 0.5784286125015795
train_time: 4.325697898864746
val_score: 0.5594374718525712
