contains_categorical: false
dummy_loss: 10.2981866826049
dummy_metadata:
  auc: 0.5
  zo_loss: 0.2857142857142857
metadata:
  test:
    auc: 0.784
    zo_loss: 0.2857142857142857
  val:
    auc: 0.9122807017543859
    zo_loss: 0.18571428571428572
model_name: LogisticRegression
params:
  C: 0.4121502329670792
  penalty: l2
  random_state: 0
test_score: 0.49320884623979355
train_time: 0.006827592849731445
val_score: 0.31834438770424295
