contains_categorical: postprocessed
dummy_loss: 17.336333900041623
dummy_metadata:
  auc: 0.5
  zo_loss: 0.48098159509202454
metadata:
  n_epochs: 496
  test:
    auc: 0.8823032759202972
    zo_loss: 0.19263803680981595
  val:
    auc: 0.8821313866406705
    zo_loss: 0.19533169533169537
model_name: JOPLEn
params:
  SquaredFNorm_lam: 1.0e-05
  cell_model: CellModel.linear
  loss_fn: LogisticLoss
  max_iters: 100000
  mu: 0.9662186350312035
  n_cells: 8
  n_partitions: 352
  partitioner: LinearForestPartition
  random_state: 0
  verbose: false
test_score: 0.40835951474923304
train_time: 4.2112321853637695
val_score: 0.40293464335673584
