contains_categorical: postprocessed
dummy_loss: 16.19352543569032
dummy_metadata:
  auc: 0.5
  zo_loss: 0.4492753623188406
metadata:
  test:
    auc: 0.8887945670628183
    zo_loss: 0.18840579710144922
  val:
    auc: 0.875452416436023
    zo_loss: 0.16666666666666663
model_name: LGBMClassifier
params:
  early_stopping_rounds: 38
  learning_rate: 0.29927143872389705
  n_estimators: 90
  num_leaves: 6
  objective: binary
  random_state: 0
  reg_alpha: 0.34910061173910745
  reg_lambda: 0.00024538565812936983
  verbose: -1
test_score: 0.4107531901070624
train_time: 0.009948492050170898
val_score: 0.4264551689259957
