contains_categorical: false
dummy_loss: 12.638683655924195
dummy_metadata:
  auc: 0.5
  zo_loss: 0.35064935064935066
metadata:
  n_epochs: 110
  test:
    auc: 0.8629629629629629
    zo_loss: 0.18181818181818177
  val:
    auc: 0.8666666666666667
    zo_loss: 0.2142857142857143
model_name: JOPLEn
params:
  SquaredFNorm_lam: 0.14364256555134702
  cell_model: CellModel.constant
  loss_fn: LogisticLoss
  max_iters: 100000
  mu: 2.187882019516291
  n_cells: 15
  n_partitions: 566
  partitioner: RFPartition
  random_state: 0
  verbose: false
test_score: 0.43624511673058
train_time: 0.9015724658966064
val_score: 0.4271710818449955
