contains_categorical: false
dummy_loss: 16.961719241937484
dummy_metadata:
  auc: 0.5
  zo_loss: 0.47058823529411764
metadata:
  n_epochs: 145
  test:
    auc: 1.0
    zo_loss: 0.0
  val:
    auc: 0.914814814814815
    zo_loss: 0.1515151515151515
model_name: JOPLEn
params:
  SquaredFNorm_lam: 0.11787125350827805
  cell_model: CellModel.constant
  loss_fn: LogisticLoss
  max_iters: 100000
  mu: 3.654922208778792
  n_cells: 24
  n_partitions: 59
  partitioner: RFPartition
  random_state: 0
  verbose: false
test_score: 0.18631899141445302
train_time: 0.4195256233215332
val_score: 0.3954517311475175
