contains_categorical: postprocessed
dummy_loss: 17.336333900041623
dummy_metadata:
  auc: 0.5
  zo_loss: 0.48098159509202454
metadata:
  n_epochs: 733
  test:
    auc: 0.8823032759202972
    zo_loss: 0.19263803680981595
  val:
    auc: 0.8821313866406705
    zo_loss: 0.19533169533169537
model_name: JOPLEn
params:
  Group21Norm_lam: 1000.0
  SquaredFNorm_lam: 234.14578836636016
  cell_model: CellModel.linear
  loss_fn: LogisticLoss
  max_iters: 100000
  n_cells: 16
  n_partitions: 928
  partitioner: LinearForestPartition
  random_state: 0
  verbose: false
test_score: 0.4061838046294854
train_time: 22.66852641105652
val_score: 0.4035764551819795
