contains_categorical: postprocessed
dummy_loss: 15.44728002390735
dummy_metadata:
  auc: 0.5
  zo_loss: 0.4285714285714286
metadata:
  n_epochs: 198
  test:
    auc: 1.0
    zo_loss: 0.0714285714285714
  val:
    auc: 0.8461538461538461
    zo_loss: 0.2592592592592593
model_name: JOPLEn
params:
  SquaredFNorm_lam: 32.16898645835138
  cell_model: CellModel.linear
  loss_fn: LogisticLoss
  max_iters: 100000
  mu: 6.675894207978776
  n_cells: 4
  n_partitions: 51
  partitioner: LinearForestPartition
  random_state: 0
  verbose: false
test_score: 0.19472637255701367
train_time: 0.5429267883300781
val_score: 0.522805178869031
