contains_categorical: false
dummy_loss: 17.506917360428332
dummy_metadata:
  auc: 0.5
  zo_loss: 0.48571428571428577
metadata:
  n_epochs: 106
  test:
    auc: 0.7254901960784315
    zo_loss: 0.4
  val:
    auc: 0.5689075630252101
    zo_loss: 0.5072463768115942
model_name: JOPLEn
params:
  SquaredFNorm_lam: 2.1547368788015677
  SquaredLaplacian_lam: 0.24742065531280039
  SquaredLaplacian_laplacian_type: LaplacianType.NORMALIZED
  SquaredLaplacian_sigma: 2.552825281814173e-05
  cell_model: CellModel.constant
  loss_fn: LogisticLoss
  max_iters: 100000
  mu: 0.999157589895044
  n_cells: 25
  n_partitions: 21
  partitioner: GBPartition
  random_state: 0
  verbose: false
test_score: 0.6867462888389755
train_time: 0.37920594215393066
val_score: 0.6913246965337692
