contains_categorical: postprocessed
dummy_loss: 6.758185010459466
dummy_metadata:
  auc: 0.5
  zo_loss: 0.1875
metadata:
  n_epochs: 28
  test:
    auc: 0.5641025641025641
    zo_loss: 0.25
  val:
    auc: 0.7733333333333333
    zo_loss: 0.22580645161290325
model_name: JOPLEn
params:
  Group21Norm_lam: 0.021978094249975086
  cell_model: CellModel.linear
  loss_fn: LogisticLoss
  max_iters: 100000
  mu: 4.562385787834759
  n_cells: 13
  n_partitions: 142
  partitioner: RFPartition
  random_state: 0
  verbose: false
test_score: 0.5887367338212892
train_time: 0.17551112174987793
val_score: 0.45047557616278916
