contains_categorical: false
dummy_loss: 17.826996135698483
dummy_metadata:
  auc: 0.5
  zo_loss: 0.49459459459459465
metadata:
  n_epochs: 595
  test:
    auc: 0.9946743227842553
    zo_loss: 0.02972972972972976
  val:
    auc: 0.9947915523661128
    zo_loss: 0.03448275862068961
model_name: JOPLEn
params:
  Group21Norm_lam: 174.7302793746577
  SquaredFNorm_lam: 7.688233662748029
  cell_model: CellModel.linear
  loss_fn: LogisticLoss
  max_iters: 100000
  n_cells: 32
  n_partitions: 1000
  partitioner: LinearForestPartition
  random_state: 0
  verbose: false
test_score: 0.0942590257961954
train_time: 103.28344082832336
val_score: 0.09644248080963286
