contains_categorical: postprocessed
dummy_loss: 15.44728002390735
dummy_metadata:
  auc: 0.5
  zo_loss: 0.4285714285714286
metadata:
  n_epochs: 115
  test:
    auc: 0.8958333333333334
    zo_loss: 0.0714285714285714
  val:
    auc: 0.7967032967032968
    zo_loss: 0.2222222222222222
model_name: JOPLEn
params:
  L1Norm_lam: 5.446879012859676e-05
  cell_model: CellModel.constant
  loss_fn: LogisticLoss
  max_iters: 100000
  mu: 0.6552996097175199
  n_cells: 4
  n_partitions: 19
  partitioner: RFPartition
  random_state: 0
  verbose: false
test_score: 0.3851552925232774
train_time: 0.3127307891845703
val_score: 0.527135925603526
