contains_categorical: false
dummy_loss: 17.506917360428332
dummy_metadata:
  auc: 0.5
  zo_loss: 0.48571428571428577
metadata:
  n_epochs: 109
  test:
    auc: 0.7107843137254902
    zo_loss: 0.4
  val:
    auc: 0.6415966386554621
    zo_loss: 0.4347826086956522
model_name: JOPLEn
params:
  Group21Norm_lam: 1.1140932903186629
  cell_model: CellModel.linear
  loss_fn: LogisticLoss
  max_iters: 100000
  mu: 5.072771022633761
  n_cells: 2
  n_partitions: 25
  partitioner: VPartition
  random_state: 0
  verbose: false
test_score: 0.6408689805215619
train_time: 0.31030917167663574
val_score: 0.6792262242696393
