contains_categorical: postprocessed
dummy_loss: 15.859207491211547
dummy_metadata:
  auc: 0.5
  zo_loss: 0.43999999999999995
metadata:
  n_epochs: 45
  test:
    auc: 0.5892857142857143
    zo_loss: 0.43999999999999995
  val:
    auc: 0.7333603896103897
    zo_loss: 0.32999999999999996
model_name: JOPLEn
params:
  Group21Norm_lam: 1.0e-05
  cell_model: CellModel.linear
  loss_fn: LogisticLoss
  max_iters: 100000
  mu: 8.618988781925077
  n_cells: 32
  n_partitions: 1000
  partitioner: RFPartition
  random_state: 0
  verbose: false
test_score: 0.6690905203217143
train_time: 1.3214502334594727
val_score: 0.5870174660087972
