contains_categorical: false
dummy_loss: 9.301587971385072
dummy_metadata:
  auc: 0.5
  zo_loss: 0.25806451612903225
metadata:
  n_epochs: 123
  test:
    auc: 0.7934782608695652
    zo_loss: 0.25806451612903225
  val:
    auc: 0.7384510869565217
    zo_loss: 0.22580645161290325
model_name: JOPLEn
params:
  SquaredFNorm_lam: 0.04926140641772962
  SquaredLaplacian_lam: 1.0e-05
  SquaredLaplacian_laplacian_type: LaplacianType.NORMALIZED
  SquaredLaplacian_sigma: 0.13875934965128245
  cell_model: CellModel.constant
  loss_fn: LogisticLoss
  max_iters: 100000
  mu: 1.067754839942942
  n_cells: 28
  n_partitions: 1000
  partitioner: GBPartition
  random_state: 0
  verbose: false
test_score: 0.4488629978485762
train_time: 0.9539859294891357
val_score: 0.5279472966928817
