contains_categorical: postprocessed
dummy_loss: 11.185961396622565
dummy_metadata:
  auc: 0.5
  zo_loss: 0.31034482758620685
metadata:
  n_epochs: 114
  test:
    auc: 0.6888888888888889
    zo_loss: 0.31034482758620685
  val:
    auc: 0.593974175035868
    zo_loss: 0.2931034482758621
model_name: JOPLEn
params:
  L1Norm_lam: 1.0e-05
  cell_model: CellModel.constant
  loss_fn: LogisticLoss
  max_iters: 100000
  mu: 6.900628477226537
  n_cells: 2
  n_partitions: 276
  partitioner: LinearForestPartition
  random_state: 0
  verbose: false
test_score: 0.5916137505670096
train_time: 0.46089720726013184
val_score: 0.5970265149086926
