contains_categorical: false
dummy_loss: 18.021826694558573
dummy_metadata:
  auc: 0.5
  zo_loss: 0.5
metadata:
  n_epochs: 915
  test:
    auc: 0.6664875033593121
    zo_loss: 0.3770491803278688
  val:
    auc: 0.7761764906768664
    zo_loss: 0.2975206611570248
model_name: JOPLEn
params:
  SquaredFNorm_lam: 0.0014149859745363346
  cell_model: CellModel.linear
  loss_fn: LogisticLoss
  max_iters: 100000
  mu: 5.493201911280798
  n_cells: 2
  n_partitions: 670
  partitioner: LinearForestPartition
  random_state: 0
  verbose: false
test_score: 0.6950713738359328
train_time: 6.270630359649658
val_score: 0.5836513274667916
