contains_categorical: postprocessed
dummy_loss: 18.021826694558577
dummy_metadata:
  auc: 0.5
  zo_loss: 0.5
metadata:
  n_epochs: 30872
  test:
    auc: 1.0
    zo_loss: 0.050000000000000044
  val:
    auc: 1.0
    zo_loss: 0.0
model_name: JOPLEn
params:
  SquaredFNorm_lam: 7.860579291211076e-05
  cell_model: CellModel.constant
  loss_fn: LogisticLoss
  max_iters: 100000
  mu: 1.0e-05
  n_cells: 14
  n_partitions: 523
  partitioner: VPartition
  random_state: 0
  verbose: false
test_score: 0.23619954618048564
train_time: 79.7519142627716
val_score: 0.00135460428809324
