contains_categorical: false
dummy_loss: 16.019401506274292
dummy_metadata:
  auc: 0.5
  zo_loss: 0.4444444444444444
metadata:
  test:
    auc: 0.65
    zo_loss: 0.2222222222222222
  val:
    auc: 0.935064935064935
    zo_loss: 0.16666666666666663
model_name: LinearForestClassifier
params:
  ccp_alpha: 4.248422351819321
  max_depth: 5
  max_leaf_nodes: 32
  n_estimators: 13
  random_state: 0
test_score: 0.7248178665590915
train_time: 0.025527477264404297
val_score: 0.47854865956581094
