contains_categorical: postprocessed
dummy_loss: 16.01940150627429
dummy_metadata:
  auc: 0.5
  zo_loss: 0.4444444444444444
metadata:
  n_epochs: 109
  test:
    auc: 0.85
    zo_loss: 0.2222222222222222
  val:
    auc: 0.8611111111111112
    zo_loss: 0.2222222222222222
model_name: JOPLEn
params:
  SquaredFNorm_lam: 1.0e-05
  SquaredLaplacian_lam: 0.033586200091492456
  SquaredLaplacian_laplacian_type: LaplacianType.NORMALIZED
  SquaredLaplacian_sigma: 37.65825221938454
  cell_model: CellModel.linear
  loss_fn: LogisticLoss
  max_iters: 100000
  mu: 5.996789243255724
  n_cells: 2
  n_partitions: 97
  partitioner: LinearForestPartition
  random_state: 0
  verbose: false
test_score: 0.5370406173390261
train_time: 0.4662773609161377
val_score: 0.46241055324086516
