contains_categorical: false
dummy_loss: 12.638683655924195
dummy_metadata:
  auc: 0.5
  zo_loss: 0.35064935064935066
metadata:
  n_epochs: 109
  test:
    auc: 0.8644444444444445
    zo_loss: 0.20779220779220775
  val:
    auc: 0.8687037037037036
    zo_loss: 0.18831168831168832
model_name: JOPLEn
params:
  L1Norm_lam: 0.00012403607455722295
  cell_model: CellModel.constant
  loss_fn: LogisticLoss
  max_iters: 100000
  mu: 0.6409437877322247
  n_cells: 19
  n_partitions: 65
  partitioner: RFPartition
  random_state: 0
  verbose: false
test_score: 0.42965909452989204
train_time: 0.3543672561645508
val_score: 0.4251795531834293
