contains_categorical: postprocessed
dummy_loss: 10.813096016735146
dummy_metadata:
  auc: 0.5
  zo_loss: 0.30000000000000004
metadata:
  n_epochs: 197
  test:
    auc: 1.0
    zo_loss: 0.0
  val:
    auc: 1.0
    zo_loss: 0.0
model_name: JOPLEn
params:
  SquaredFNorm_lam: 0.000252921083606182
  SquaredLaplacian_lam: 2.807982397918194e-05
  SquaredLaplacian_laplacian_type: LaplacianType.NORMALIZED
  SquaredLaplacian_sigma: 0.2328522912092733
  cell_model: CellModel.linear
  loss_fn: LogisticLoss
  max_iters: 100000
  mu: 5.796537444422214
  n_cells: 8
  n_partitions: 138
  partitioner: LinearForestPartition
  random_state: 0
  verbose: false
test_score: 1.0985727719257678e-05
train_time: 0.7058160305023193
val_score: 1.4658897710879507e-05
