contains_categorical: postprocessed
dummy_loss: 13.01576372384786
dummy_metadata:
  auc: 0.5
  zo_loss: 0.36111111111111116
metadata:
  n_epochs: 339
  test:
    auc: 0.9531772575250836
    zo_loss: 0.11111111111111116
  val:
    auc: 0.9982222222222222
    zo_loss: 0.014285714285714235
model_name: JOPLEn
params:
  SquaredFNorm_lam: 0.0016240580247699596
  SquaredLaplacian_lam: 0.004591776268548293
  SquaredLaplacian_laplacian_type: LaplacianType.LEFT_NORMALIZED
  SquaredLaplacian_sigma: 0.004962269838082192
  cell_model: CellModel.linear
  loss_fn: LogisticLoss
  max_iters: 100000
  mu: 1.0
  n_cells: 23
  n_partitions: 31
  partitioner: VPartition
  random_state: 0
  verbose: false
test_score: 0.845198377033719
train_time: 1.1026256084442139
val_score: 0.042994828675017215
