contains_categorical: postprocessed
dummy_loss: 13.63813912020649
dummy_metadata:
  auc: 0.5
  zo_loss: 0.3783783783783784
metadata:
  n_epochs: 154
  test:
    auc: 0.7577639751552795
    zo_loss: 0.2702702702702703
  val:
    auc: 0.689913317572892
    zo_loss: 0.3648648648648649
model_name: JOPLEn
params:
  Group21Norm_lam: 1000.0
  cell_model: CellModel.linear
  loss_fn: LogisticLoss
  max_iters: 100000
  mu: 6.548623567205572
  n_cells: 2
  n_partitions: 175
  partitioner: RFPartition
  random_state: 0
  verbose: false
test_score: 0.5573623519006675
train_time: 0.5712833404541016
val_score: 0.6126308701982037
