contains_categorical: postprocessed
dummy_loss: 10.813096016735146
dummy_metadata:
  auc: 0.5
  zo_loss: 0.30000000000000004
metadata:
  n_epochs: 145
  test:
    auc: 0.5926190476190476
    zo_loss: 0.35
  val:
    auc: 0.7297619047619047
    zo_loss: 0.25
model_name: JOPLEn
params:
  Group21Norm_lam: 16.491099798173536
  cell_model: CellModel.linear
  loss_fn: LogisticLoss
  max_iters: 100000
  mu: 8.530499446714375
  n_cells: 2
  n_partitions: 516
  partitioner: VPartition
  random_state: 0
  verbose: false
test_score: 0.613574306258242
train_time: 0.8233675956726074
val_score: 0.5436805365337095
