contains_categorical: postprocessed
dummy_loss: 2.669900251045715
dummy_metadata:
  auc: 0.5
  zo_loss: 0.07407407407407407
metadata:
  n_epochs: 43
  test:
    auc: 0.9600000000000001
    zo_loss: 0.07407407407407407
  val:
    auc: 1.0
    zo_loss: 0.0
model_name: JOPLEn
params:
  SquaredFNorm_lam: 4.030680897274845e-05
  SquaredLaplacian_lam: 0.0018049083833207428
  SquaredLaplacian_laplacian_type: LaplacianType.STANDARD
  SquaredLaplacian_sigma: 0.0008912866381145868
  cell_model: CellModel.constant
  loss_fn: LogisticLoss
  max_iters: 100000
  mu: 7.452075774556945
  n_cells: 19
  n_partitions: 87
  partitioner: GBPartition
  random_state: 0
  verbose: false
test_score: 1.180917529110737
train_time: 0.17622661590576172
val_score: 1.1954975756531067e-06
