contains_categorical: postprocessed
dummy_loss: 2.1633525431921794
dummy_metadata:
  auc: 0.5
  zo_loss: 0.0600203458799593
metadata:
  n_epochs: 624
  test:
    auc: 0.6494515371634016
    zo_loss: 0.0600203458799593
  val:
    auc: 0.6484290357529794
    zo_loss: 0.05960264900662249
model_name: JOPLEn
params:
  SquaredFNorm_lam: 1.0e-05
  cell_model: CellModel.constant
  loss_fn: LogisticLoss
  max_iters: 100000
  mu: 2.126026378994919
  n_cells: 32
  n_partitions: 652
  partitioner: VPartition
  random_state: 0
  verbose: false
test_score: 0.2210201454611322
train_time: 26.88371992111206
val_score: 0.2176764030998944
