contains_categorical: false
dummy_loss: 18.021826694558573
dummy_metadata:
  auc: 0.5
  zo_loss: 0.5
metadata:
  n_epochs: 1126
  test:
    auc: 0.8280032249395324
    zo_loss: 0.3114754098360656
  val:
    auc: 0.8474489447442114
    zo_loss: 0.30578512396694213
model_name: JOPLEn
params:
  SquaredFNorm_lam: 0.0003940677308650304
  SquaredLaplacian_lam: 1.6170252693995455e-05
  SquaredLaplacian_laplacian_type: LaplacianType.LEFT_NORMALIZED
  SquaredLaplacian_sigma: 0.00010788860751449958
  cell_model: CellModel.linear
  loss_fn: LogisticLoss
  max_iters: 100000
  mu: 9.733321913715203
  n_cells: 2
  n_partitions: 32
  partitioner: RFPartition
  random_state: 0
  verbose: false
test_score: 0.6113484289622415
train_time: 3.9077236652374268
val_score: 0.5598849291218799
