contains_categorical: postprocessed
dummy_loss: 13.14091529811563
dummy_metadata:
  auc: 0.5
  zo_loss: 0.36458333333333337
metadata:
  n_epochs: 361
  test:
    auc: 0.9822014051522248
    zo_loss: 0.05208333333333337
  val:
    auc: 0.9872746553552492
    zo_loss: 0.046875
model_name: JOPLEn
params:
  L1Norm_lam: 0.001684507165591369
  cell_model: CellModel.constant
  loss_fn: LogisticLoss
  max_iters: 100000
  mu: 0.339426133842219
  n_cells: 8
  n_partitions: 223
  partitioner: LinearForestPartition
  random_state: 0
  verbose: false
test_score: 0.1515836942757185
train_time: 1.8740558624267578
val_score: 0.139507088790885
