contains_categorical: postprocessed
dummy_loss: 1.7055356493273102
dummy_metadata:
  auc: 0.5
  zo_loss: 0.04731861198738174
metadata:
  n_epochs: 145
  test:
    auc: 0.9947019867549669
    zo_loss: 0.009463722397476393
  val:
    auc: 0.9839977851605758
    zo_loss: 0.014240506329113889
model_name: JOPLEn
params:
  SquaredFNorm_lam: 0.00267442845802796
  SquaredLaplacian_lam: 0.0013347806778668547
  SquaredLaplacian_laplacian_type: LaplacianType.LEFT_NORMALIZED
  SquaredLaplacian_sigma: 0.016155847794508658
  cell_model: CellModel.constant
  loss_fn: LogisticLoss
  max_iters: 100000
  mu: 9.110149050128634
  n_cells: 17
  n_partitions: 138
  partitioner: GBPartition
  random_state: 0
  verbose: false
test_score: 0.04439831008556272
train_time: 1.2602291107177734
val_score: 0.061881026681705746
