contains_categorical: postprocessed
dummy_loss: 16.277778949923878
dummy_metadata:
  auc: 0.5
  zo_loss: 0.4516129032258065
metadata:
  n_epochs: 141
  test:
    auc: 0.7983193277310925
    zo_loss: 0.25806451612903225
  val:
    auc: 0.8354978354978354
    zo_loss: 0.2622950819672131
model_name: JOPLEn
params:
  GroupInf1Norm_lam: 32.7636548995529
  cell_model: CellModel.linear
  loss_fn: LogisticLoss
  max_iters: 100000
  mu: 3.398557094580639
  n_cells: 5
  n_partitions: 10
  partitioner: RFPartition
  random_state: 0
  verbose: false
test_score: 0.54655837923922
train_time: 0.3879668712615967
val_score: 0.49581783537675816
