contains_categorical: postprocessed
dummy_loss: 0.5721214823669392
dummy_metadata:
  auc: 0.5
  zo_loss: 0.015873015873015928
metadata:
  n_epochs: 198
  test:
    auc: 0.9708781362007168
    zo_loss: 0.01851851851851849
  val:
    auc: 0.8994833782569632
    zo_loss: 0.010610079575596787
model_name: JOPLEn
params:
  GroupInf1Norm_lam: 1000.0
  cell_model: CellModel.linear
  loss_fn: LogisticLoss
  max_iters: 100000
  mu: 0.12919907306795206
  n_cells: 6
  n_partitions: 66
  partitioner: RFPartition
  random_state: 0
  verbose: false
test_score: 0.05289722147674186
train_time: 0.6564614772796631
val_score: 0.044668792346193135
