contains_categorical: false
dummy_loss: 10.2981866826049
dummy_metadata:
  auc: 0.5
  zo_loss: 0.2857142857142857
metadata:
  n_epochs: 291
  test:
    auc: 0.88
    zo_loss: 0.17142857142857137
  val:
    auc: 0.9711042311661506
    zo_loss: 0.09999999999999998
model_name: JOPLEn
params:
  SquaredFNorm_lam: 36.57075070532255
  SquaredLaplacian_lam: 0.0008919225364121481
  SquaredLaplacian_laplacian_type: LaplacianType.STANDARD
  SquaredLaplacian_sigma: 1.8886267953414508
  cell_model: CellModel.linear
  loss_fn: LogisticLoss
  max_iters: 100000
  mu: 5.66060230956333
  n_cells: 8
  n_partitions: 26
  partitioner: RFPartition
  random_state: 0
  verbose: false
test_score: 0.5055246529128581
train_time: 0.9516782760620117
val_score: 0.19726560203130988
