contains_categorical: postprocessed
dummy_loss: 15.44728002390735
dummy_metadata:
  auc: 0.5
  zo_loss: 0.4285714285714286
metadata:
  n_epochs: 138
  test:
    auc: 0.75
    zo_loss: 0.2857142857142857
  val:
    auc: 0.7967032967032968
    zo_loss: 0.33333333333333337
model_name: JOPLEn
params:
  Group21Norm_lam: 153.22230862111743
  cell_model: CellModel.linear
  loss_fn: LogisticLoss
  max_iters: 100000
  mu: 1.4405467983970945
  n_cells: 2
  n_partitions: 468
  partitioner: VPartition
  random_state: 0
  verbose: false
test_score: 0.49807305580943334
train_time: 0.5706472396850586
val_score: 0.5592198097243379
