contains_categorical: false
dummy_loss: 10.593236393474356
dummy_metadata:
  auc: 0.5
  zo_loss: 0.2939001848428835
metadata:
  n_epochs: 163
  test:
    auc: 0.9497678553788402
    zo_loss: 0.11090573012938998
  val:
    auc: 0.9459422584766259
    zo_loss: 0.1157407407407407
model_name: JOPLEn
params:
  SquaredFNorm_lam: 0.2290078140329772
  SquaredLaplacian_lam: 1.830445362267858e-05
  SquaredLaplacian_laplacian_type: LaplacianType.NORMALIZED
  SquaredLaplacian_sigma: 0.0006406754431720864
  cell_model: CellModel.linear
  loss_fn: LogisticLoss
  max_iters: 100000
  mu: 1.4384036525876978
  n_cells: 30
  n_partitions: 672
  partitioner: RFPartition
  random_state: 0
  verbose: false
test_score: 0.2740074224880271
train_time: 8.026957273483276
val_score: 0.27734343253182786
