contains_categorical: postprocessed
dummy_loss: 15.859207491211547
dummy_metadata:
  auc: 0.5
  zo_loss: 0.43999999999999995
metadata:
  n_epochs: 117
  test:
    auc: 0.6801948051948052
    zo_loss: 0.31999999999999995
  val:
    auc: 0.7315340909090909
    zo_loss: 0.31000000000000005
model_name: JOPLEn
params:
  L1Norm_lam: 1.0e-05
  cell_model: CellModel.constant
  loss_fn: LogisticLoss
  max_iters: 100000
  mu: 7.265424680643413
  n_cells: 2
  n_partitions: 21
  partitioner: LinearForestPartition
  random_state: 0
  verbose: false
test_score: 0.6309000598178716
train_time: 0.3768935203552246
val_score: 0.5977734745814177
