contains_categorical: postprocessed
dummy_loss: 12.35782401912588
dummy_metadata:
  auc: 0.5
  zo_loss: 0.34285714285714286
metadata:
  n_epochs: 129
  test:
    auc: 0.9981884057971014
    zo_loss: 0.02857142857142858
  val:
    auc: 0.9723731884057971
    zo_loss: 0.0714285714285714
model_name: JOPLEn
params:
  GroupInf1Norm_lam: 2.2172286057602815
  cell_model: CellModel.linear
  loss_fn: LogisticLoss
  max_iters: 100000
  mu: 4.68774794821767
  n_cells: 12
  n_partitions: 127
  partitioner: VPartition
  random_state: 0
  verbose: false
test_score: 0.08457067600375706
train_time: 0.48233962059020996
val_score: 0.19971243605166097
