contains_categorical: postprocessed
dummy_loss: 16.19352543569032
dummy_metadata:
  auc: 0.5
  zo_loss: 0.4492753623188406
metadata:
  n_epochs: 210
  test:
    auc: 0.865025466893039
    zo_loss: 0.2028985507246377
  val:
    auc: 0.8701298701298702
    zo_loss: 0.18840579710144922
model_name: JOPLEn
params:
  SquaredFNorm_lam: 56.109423680528145
  SquaredLaplacian_lam: 0.0012716101795773073
  SquaredLaplacian_laplacian_type: LaplacianType.LEFT_NORMALIZED
  SquaredLaplacian_sigma: 0.005344191009072477
  cell_model: CellModel.linear
  loss_fn: LogisticLoss
  max_iters: 100000
  mu: 5.304019341065735
  n_cells: 10
  n_partitions: 19
  partitioner: GBPartition
  random_state: 0
  verbose: false
test_score: 0.44414266797693813
train_time: 0.7083401679992676
val_score: 0.429386898404345
