contains_categorical: postprocessed
dummy_loss: 18.021826694558577
dummy_metadata:
  auc: 0.5
  zo_loss: 0.5
metadata:
  n_epochs: 100000
  test:
    auc: 1.0
    zo_loss: 0.050000000000000044
  val:
    auc: 1.0
    zo_loss: 0.0
model_name: JOPLEn
params:
  Group21Norm_lam: 373.3137445732906
  cell_model: CellModel.linear
  loss_fn: LogisticLoss
  max_iters: 100000
  mu: 1.5619078632728252
  n_cells: 28
  n_partitions: 348
  partitioner: VPartition
  random_state: 0
  verbose: false
test_score: 0.6931472938087772
train_time: 251.14652585983276
val_score: 1.9118834740497e-06
