contains_categorical: false
dummy_loss: 17.163644471008165
dummy_metadata:
  auc: 0.5
  zo_loss: 0.47619047619047616
metadata:
  n_epochs: 168
  test:
    auc: 0.9454545454545454
    zo_loss: 0.19047619047619047
  val:
    auc: 0.9795454545454545
    zo_loss: 0.11904761904761907
model_name: JOPLEn
params:
  SquaredFNorm_lam: 0.0708359361557982
  cell_model: CellModel.linear
  loss_fn: LogisticLoss
  max_iters: 100000
  mu: 1.0
  n_cells: 14
  n_partitions: 1000
  partitioner: VPartition
  random_state: 0
  verbose: false
test_score: 0.2968520860751432
train_time: 0.9198625087738037
val_score: 0.18497351115741306
