contains_categorical: postprocessed
dummy_loss: 5.118198781254636
dummy_metadata:
  auc: 0.5
  zo_loss: 0.14200000000000002
metadata:
  n_epochs: 134
  test:
    auc: 0.7716274335992646
    zo_loss: 0.118
  val:
    auc: 0.7961199556944238
    zo_loss: 0.10310310310310311
model_name: JOPLEn
params:
  SquaredFNorm_lam: 1.2352929671216082
  SquaredLaplacian_lam: 1.1651525155314125e-05
  SquaredLaplacian_laplacian_type: LaplacianType.NORMALIZED
  SquaredLaplacian_sigma: 0.23929071286027512
  cell_model: CellModel.linear
  loss_fn: LogisticLoss
  max_iters: 100000
  mu: 2.3816183538610205
  n_cells: 23
  n_partitions: 23
  partitioner: GBPartition
  random_state: 0
  verbose: false
test_score: 0.3300906664494565
train_time: 1.3420634269714355
val_score: 0.3010311534111842
