contains_categorical: postprocessed
dummy_loss: 17.336333900041623
dummy_metadata:
  auc: 0.5
  zo_loss: 0.48098159509202454
metadata:
  n_epochs: 136
  test:
    auc: 0.8823032759202972
    zo_loss: 0.19263803680981595
  val:
    auc: 0.8821313866406705
    zo_loss: 0.19533169533169537
model_name: JOPLEn
params:
  L1Norm_lam: 1.352835597315916e-05
  cell_model: CellModel.constant
  loss_fn: LogisticLoss
  max_iters: 100000
  mu: 4.856134177729025
  n_cells: 16
  n_partitions: 79
  partitioner: LinearForestPartition
  random_state: 0
  verbose: false
test_score: 0.4064133354598396
train_time: 0.7640619277954102
val_score: 0.40383647810050816
