contains_categorical: false
dummy_loss: 6.553391525294028
dummy_metadata:
  auc: 0.5
  zo_loss: 0.18181818181818177
metadata:
  n_epochs: 108
  test:
    auc: 0.6111111111111112
    zo_loss: 0.2727272727272727
  val:
    auc: 0.9444444444444444
    zo_loss: 0.045454545454545414
model_name: JOPLEn
params:
  GroupInf1Norm_lam: 0.1569073451133256
  cell_model: CellModel.linear
  loss_fn: LogisticLoss
  max_iters: 100000
  mu: 1.0
  n_cells: 2
  n_partitions: 143
  partitioner: VPartition
  random_state: 0
  verbose: false
test_score: 0.584198079813553
train_time: 0.37734508514404297
val_score: 0.23630083372408323
