contains_categorical: postprocessed
dummy_loss: 5.118198781254636
dummy_metadata:
  auc: 0.5
  zo_loss: 0.14200000000000002
metadata:
  test:
    auc: 0.7484487343642273
    zo_loss: 0.11399999999999999
  val:
    auc: 0.7643786473573708
    zo_loss: 0.10310310310310311
model_name: RandomForestClassifier
params:
  ccp_alpha: 1.648262631585291e-05
  criterion: log_loss
  max_depth: 5
  max_leaf_nodes: 21
  n_estimators: 19
  n_jobs: -1
  random_state: 0
test_score: 0.3310229758372564
train_time: 0.05720686912536621
val_score: 0.31860119625955324
