contains_categorical: postprocessed
dummy_loss: 12.270179877146266
dummy_metadata:
  auc: 0.5
  zo_loss: 0.34042553191489366
metadata:
  n_epochs: 107
  test:
    auc: 0.7157258064516129
    zo_loss: 0.36170212765957444
  val:
    auc: 0.7540983606557378
    zo_loss: 0.30107526881720426
model_name: JOPLEn
params:
  Group21Norm_lam: 0.7664602181088556
  cell_model: CellModel.linear
  loss_fn: LogisticLoss
  max_iters: 100000
  mu: 1.0
  n_cells: 10
  n_partitions: 13
  partitioner: VPartition
  random_state: 0
  verbose: false
test_score: 0.5739715199224128
train_time: 0.3001716136932373
val_score: 0.5440762429987719
