contains_categorical: false
dummy_loss: 18.74269976234092
dummy_metadata:
  auc: 0.5
  zo_loss: 0.52
metadata:
  test:
    auc: 0.9551282051282052
    zo_loss: 0.16000000000000003
  val:
    auc: 0.9552
    zo_loss: 0.19999999999999996
model_name: ExtraTreesClassifier
params:
  criterion: log_loss
  max_depth: 5
  max_features: 1
  max_leaf_nodes: 19
  n_estimators: 23
  random_state: 0
test_score: 0.342398285808498
train_time: 0.013421297073364258
val_score: 0.33945767864580695
