contains_categorical: postprocessed
dummy_loss: 16.19352543569032
dummy_metadata:
  auc: 0.5
  zo_loss: 0.4492753623188406
metadata:
  n_epochs: 118
  test:
    auc: 0.8471986417657046
    zo_loss: 0.2028985507246377
  val:
    auc: 0.8867362146050671
    zo_loss: 0.18840579710144922
model_name: JOPLEn
params:
  SquaredFNorm_lam: 0.00045839517832828097
  SquaredLaplacian_lam: 1.0e-05
  SquaredLaplacian_laplacian_type: LaplacianType.LEFT_NORMALIZED
  SquaredLaplacian_sigma: 377.27343132639226
  cell_model: CellModel.linear
  loss_fn: LogisticLoss
  max_iters: 100000
  mu: 1.0
  n_cells: 21
  n_partitions: 10
  partitioner: VPartition
  random_state: 0
  verbose: false
test_score: 0.46091306707624285
train_time: 0.39204955101013184
val_score: 0.4111130701803871
