contains_categorical: postprocessed
dummy_loss: 6.007275564852859
dummy_metadata:
  auc: 0.5
  zo_loss: 0.16666666666666663
metadata:
  test:
    auc: 0.5
    zo_loss: 0.16666666666666663
  val:
    auc: 0.5
    zo_loss: 0.13888888888888884
model_name: RandomForestClassifier
params:
  ccp_alpha: 0.39496777607233763
  criterion: log_loss
  max_depth: 4
  max_leaf_nodes: 22
  n_estimators: 1000
  n_jobs: -1
  random_state: 0
test_score: 0.4545415516876116
train_time: 0.912510871887207
val_score: 0.4029984112995045
