contains_categorical: postprocessed
dummy_loss: 11.185961396622565
dummy_metadata:
  auc: 0.5
  zo_loss: 0.31034482758620685
metadata:
  n_epochs: 169
  test:
    auc: 0.6888888888888889
    zo_loss: 0.31034482758620685
  val:
    auc: 0.5595408895265424
    zo_loss: 0.2931034482758621
model_name: JOPLEn
params:
  GroupInf1Norm_lam: 37.256233649275565
  SquaredFNorm_lam: 363.77007238134007
  cell_model: CellModel.linear
  loss_fn: LogisticLoss
  max_iters: 100000
  n_cells: 2
  n_partitions: 38
  partitioner: LinearForestPartition
  random_state: 0
  verbose: false
test_score: 0.5996562547250465
train_time: 0.5652978420257568
val_score: 0.5963956500075583
