contains_categorical: postprocessed
dummy_loss: 7.20873067782343
dummy_metadata:
  auc: 0.5
  zo_loss: 0.19999999999999996
metadata:
  test:
    auc: 0.6875
    zo_loss: 0.19999999999999996
  val:
    auc: 1.0
    zo_loss: 0.0
model_name: CatBoostClassifier
params:
  allow_writing_files: false
  grow_policy: SymmetricTree
  iterations: 31
  l2_leaf_reg: 0.00017224771294829555
  learning_rate: 0.7194298556943783
  max_depth: 5
  od_type: Iter
  od_wait: 14
  random_seed: 0
  subsample: 1.0
test_score: 1.159068823145681
train_time: 0.009213924407958984
val_score: 0.09062754876468576
