contains_categorical: postprocessed
dummy_loss: 6.007275564852859
dummy_metadata:
  auc: 0.5
  zo_loss: 0.16666666666666663
metadata:
  n_epochs: 690
  test:
    auc: 0.711111111111111
    zo_loss: 0.2222222222222222
  val:
    auc: 0.7741935483870968
    zo_loss: 0.16666666666666663
model_name: JOPLEn
params:
  SquaredFNorm_lam: 1000.0
  SquaredLaplacian_lam: 2.5636143287453703e-05
  SquaredLaplacian_laplacian_type: LaplacianType.LEFT_NORMALIZED
  SquaredLaplacian_sigma: 0.0004297014297689426
  cell_model: CellModel.linear
  loss_fn: LogisticLoss
  max_iters: 100000
  mu: 1.0
  n_cells: 13
  n_partitions: 24
  partitioner: VPartition
  random_state: 0
  verbose: false
test_score: 0.42580882385029983
train_time: 4.565174341201782
val_score: 0.36276342185956145
