contains_categorical: postprocessed
dummy_loss: 15.859207491211547
dummy_metadata:
  auc: 0.5
  zo_loss: 0.43999999999999995
metadata:
  n_epochs: 208
  test:
    auc: 0.711038961038961
    zo_loss: 0.30000000000000004
  val:
    auc: 0.7540584415584415
    zo_loss: 0.29000000000000004
model_name: JOPLEn
params:
  GroupInf1Norm_lam: 462.0450353696908
  cell_model: CellModel.linear
  loss_fn: LogisticLoss
  max_iters: 100000
  mu: 8.91868112352939
  n_cells: 2
  n_partitions: 10
  partitioner: VPartition
  random_state: 0
  verbose: false
test_score: 0.6214397119363656
train_time: 0.5972018241882324
val_score: 0.5774649918872649
