contains_categorical: false
dummy_loss: 18.021826694558577
dummy_metadata:
  auc: 0.5
  zo_loss: 0.5
metadata:
  n_epochs: 160
  test:
    auc: 0.9990650109569028
    zo_loss: 0.020270270270270285
  val:
    auc: 0.9979080569067037
    zo_loss: 0.020283975659229236
model_name: JOPLEn
params:
  SquaredFNorm_lam: 0.005541710776507383
  SquaredLaplacian_lam: 1.2458554477514667e-05
  SquaredLaplacian_laplacian_type: LaplacianType.NORMALIZED
  SquaredLaplacian_sigma: 0.00018470418187137815
  cell_model: CellModel.constant
  loss_fn: LogisticLoss
  max_iters: 100000
  mu: 2.420420938902134
  n_cells: 21
  n_partitions: 300
  partitioner: VPartition
  random_state: 0
  verbose: false
test_score: 0.04417182926426557
train_time: 5.1888909339904785
val_score: 0.05839200367597985
