contains_categorical: false
dummy_loss: 14.229815437785946
dummy_metadata:
  auc: 0.5
  zo_loss: 0.3947939262472885
metadata:
  n_epochs: 116
  test:
    auc: 0.9649848359525779
    zo_loss: 0.06941431670281994
  val:
    auc: 0.9831877858967504
    zo_loss: 0.05869565217391304
model_name: JOPLEn
params:
  SquaredFNorm_lam: 2.7774968453641024e-05
  SquaredLaplacian_lam: 0.016556401355395215
  SquaredLaplacian_laplacian_type: LaplacianType.LEFT_NORMALIZED
  SquaredLaplacian_sigma: 3.8706014721066726
  cell_model: CellModel.linear
  loss_fn: LogisticLoss
  max_iters: 100000
  mu: 1.0
  n_cells: 26
  n_partitions: 37
  partitioner: VPartition
  random_state: 0
  verbose: false
test_score: 0.24257990954898886
train_time: 2.4826653003692627
val_score: 0.16041286123966106
