contains_categorical: false
dummy_loss: 1.0507684475701513
dummy_metadata: {}
metadata:
  test: {}
  val: {}
model_name: XGBRegressor
params:
  early_stopping_rounds: 18
  learning_rate: 0.1437750289065334
  max_leaves: 29
  n_estimators: 66
  objective: reg:squarederror
  random_state: 0
  reg_alpha: 0.0009445534736003488
  reg_lambda: 0.025942076609228645
  verbosity: 0
test_score: 0.29459802066313096
train_time: 1.3349158763885498
val_score: 0.26628902787974534
