contains_categorical: false
dummy_loss: 17.163644471008165
dummy_metadata:
  auc: 0.5
  zo_loss: 0.47619047619047616
metadata:
  n_epochs: 123
  test:
    auc: 0.9181818181818182
    zo_loss: 0.1428571428571429
  val:
    auc: 0.9227272727272728
    zo_loss: 0.19047619047619047
model_name: JOPLEn
params:
  SquaredFNorm_lam: 5.656565421056814
  cell_model: CellModel.linear
  loss_fn: LogisticLoss
  max_iters: 100000
  mu: 6.58300538848019
  n_cells: 3
  n_partitions: 1000
  partitioner: GBPartition
  random_state: 0
  verbose: false
test_score: 0.4083679305059559
train_time: 1.651432991027832
val_score: 0.3594251346894262
