contains_categorical: postprocessed
dummy_loss: 17.336333900041623
dummy_metadata:
  auc: 0.5
  zo_loss: 0.48098159509202454
metadata:
  n_epochs: 255
  test:
    auc: 0.8822731220147634
    zo_loss: 0.19263803680981595
  val:
    auc: 0.8818857829467908
    zo_loss: 0.19533169533169537
model_name: JOPLEn
params:
  SquaredFNorm_lam: 0.0006156106634830431
  cell_model: CellModel.constant
  loss_fn: LogisticLoss
  max_iters: 100000
  mu: 0.5693317447910644
  n_cells: 19
  n_partitions: 899
  partitioner: RFPartition
  random_state: 0
  verbose: false
test_score: 0.4076945521334066
train_time: 11.06555986404419
val_score: 0.40331999789918144
