contains_categorical: postprocessed
dummy_loss: 13.63813912020649
dummy_metadata:
  auc: 0.5
  zo_loss: 0.3783783783783784
metadata:
  n_epochs: 207
  test:
    auc: 0.6024844720496894
    zo_loss: 0.32432432432432434
  val:
    auc: 0.7076438140267928
    zo_loss: 0.32432432432432434
model_name: JOPLEn
params:
  SquaredFNorm_lam: 1000.0
  cell_model: CellModel.linear
  loss_fn: LogisticLoss
  max_iters: 100000
  mu: 1.0
  n_cells: 4
  n_partitions: 1000
  partitioner: VPartition
  random_state: 0
  verbose: false
test_score: 0.6556117693592537
train_time: 0.9913644790649414
val_score: 0.5916135088998615
