contains_categorical: false
dummy_loss: 13.279240722306321
dummy_metadata:
  auc: 0.5
  zo_loss: 0.368421052631579
metadata:
  n_epochs: 143
  test:
    auc: 0.9986772486772486
    zo_loss: 0.03508771929824561
  val:
    auc: 0.9901735997379626
    zo_loss: 0.02631578947368418
model_name: JOPLEn
params:
  SquaredFNorm_lam: 0.14976665697161953
  SquaredLaplacian_lam: 1.4557117304906246e-05
  SquaredLaplacian_laplacian_type: LaplacianType.LEFT_NORMALIZED
  SquaredLaplacian_sigma: 1.297422491270351
  cell_model: CellModel.linear
  loss_fn: LogisticLoss
  max_iters: 100000
  mu: 6.321652220147954
  n_cells: 2
  n_partitions: 47
  partitioner: RFPartition
  random_state: 0
  verbose: false
test_score: 0.07634611441954953
train_time: 0.5125696659088135
val_score: 0.10547995988735281
