contains_categorical: postprocessed
dummy_loss: 16.01940150627429
dummy_metadata:
  auc: 0.5
  zo_loss: 0.4444444444444444
metadata:
  n_epochs: 104
  test:
    auc: 0.8111111111111111
    zo_loss: 0.2592592592592593
  val:
    auc: 0.8555555555555555
    zo_loss: 0.20370370370370372
model_name: JOPLEn
params:
  SquaredFNorm_lam: 0.008723063534852362
  SquaredLaplacian_lam: 1.0e-05
  SquaredLaplacian_laplacian_type: LaplacianType.LEFT_NORMALIZED
  SquaredLaplacian_sigma: 59.004745852918006
  cell_model: CellModel.linear
  loss_fn: LogisticLoss
  max_iters: 100000
  mu: 1.0
  n_cells: 18
  n_partitions: 12
  partitioner: VPartition
  random_state: 0
  verbose: false
test_score: 0.5484559949265163
train_time: 0.3422408103942871
val_score: 0.4822128610599273
