contains_categorical: false
dummy_loss: 14.229815437785946
dummy_metadata:
  auc: 0.5
  zo_loss: 0.3947939262472885
metadata:
  n_epochs: 148
  test:
    auc: 0.9652113119855056
    zo_loss: 0.0780911062906724
  val:
    auc: 0.9859625933186795
    zo_loss: 0.04565217391304344
model_name: JOPLEn
params:
  SquaredFNorm_lam: 3.911346325850216e-05
  SquaredLaplacian_lam: 0.0014908885950884062
  SquaredLaplacian_laplacian_type: LaplacianType.LEFT_NORMALIZED
  SquaredLaplacian_sigma: 0.0002842031845687502
  cell_model: CellModel.constant
  loss_fn: LogisticLoss
  max_iters: 100000
  mu: 7.180932947192293
  n_cells: 32
  n_partitions: 719
  partitioner: LinearForestPartition
  random_state: 0
  verbose: false
test_score: 0.2508352949200226
train_time: 15.765769243240356
val_score: 0.1367446097606783
