contains_categorical: false
dummy_loss: 17.506917360428332
dummy_metadata:
  auc: 0.5
  zo_loss: 0.48571428571428577
metadata:
  n_epochs: 280
  test:
    auc: 0.6781045751633987
    zo_loss: 0.34285714285714286
  val:
    auc: 0.6327731092436975
    zo_loss: 0.34782608695652173
model_name: JOPLEn
params:
  Group21Norm_lam: 1000.0
  SquaredFNorm_lam: 1.0e-05
  cell_model: CellModel.linear
  loss_fn: LogisticLoss
  max_iters: 100000
  n_cells: 4
  n_partitions: 10
  partitioner: LinearForestPartition
  random_state: 0
  verbose: false
test_score: 0.6418415559612266
train_time: 0.9875736236572266
val_score: 0.6721303183856948
