contains_categorical: postprocessed
dummy_loss: 12.014551129705717
dummy_metadata:
  auc: 0.5
  zo_loss: 0.33333333333333337
metadata:
  n_epochs: 111
  test:
    auc: 0.890625
    zo_loss: 0.16666666666666663
  val:
    auc: 0.9609375
    zo_loss: 0.04166666666666663
model_name: JOPLEn
params:
  SquaredFNorm_lam: 1.0e-05
  cell_model: CellModel.linear
  loss_fn: LogisticLoss
  max_iters: 100000
  mu: 2.2587964782013805
  n_cells: 4
  n_partitions: 23
  partitioner: LinearForestPartition
  random_state: 0
  verbose: false
test_score: 0.41427475930603297
train_time: 0.30898571014404297
val_score: 0.197513056953092
