contains_categorical: postprocessed
dummy_loss: 16.193525435690322
dummy_metadata:
  auc: 0.5
  zo_loss: 0.4492753623188406
metadata:
  test:
    auc: 0.9151103565365025
    zo_loss: 0.1594202898550725
  val:
    auc: 0.834575260804769
    zo_loss: 0.2246376811594203
model_name: XGBClassifier
params:
  early_stopping_rounds: 37
  learning_rate: 0.34681966376264667
  max_leaves: 2
  n_estimators: 335
  objective: reg:logistic
  random_state: 0
  reg_alpha: 0.0057525112147670384
  reg_lambda: 1.0e-05
  verbosity: 0
test_score: 0.3693345642468129
train_time: 1.077420711517334
val_score: 0.49225267076172136
