contains_categorical: postprocessed
dummy_loss: 13.14091529811563
dummy_metadata:
  auc: 0.5
  zo_loss: 0.36458333333333337
metadata:
  test:
    auc: 0.9770491803278689
    zo_loss: 0.08333333333333337
  val:
    auc: 0.9698362201013314
    zo_loss: 0.06770833333333337
model_name: LinearForestClassifier
params:
  ccp_alpha: 0.000753780931417393
  max_depth: 5
  max_leaf_nodes: 24
  n_estimators: 54
  random_state: 0
test_score: 0.2614340660993945
train_time: 0.2654917240142822
val_score: 0.24172724292433892
