contains_categorical: postprocessed
dummy_loss: 10.813096016735146
dummy_metadata:
  auc: 0.5
  zo_loss: 0.30000000000000004
metadata:
  n_epochs: 176
  test:
    auc: 0.521904761904762
    zo_loss: 0.31999999999999995
  val:
    auc: 0.68625
    zo_loss: 0.30500000000000005
model_name: JOPLEn
params:
  GroupInf1Norm_lam: 0.372165203728167
  cell_model: CellModel.linear
  loss_fn: LogisticLoss
  max_iters: 100000
  mu: 1.0
  n_cells: 2
  n_partitions: 156
  partitioner: VPartition
  random_state: 0
  verbose: false
test_score: 0.6770397162690922
train_time: 1.0993165969848633
val_score: 0.567373813538223
