contains_categorical: false
dummy_loss: 13.279240722306321
dummy_metadata:
  auc: 0.5
  zo_loss: 0.368421052631579
metadata:
  test:
    auc: 0.9914021164021163
    zo_loss: 0.052631578947368474
  val:
    auc: 0.980510972813626
    zo_loss: 0.03508771929824561
model_name: GradientBoostingClassifier
params:
  ccp_alpha: 6.798137282625652e-05
  criterion: friedman_mse
  learning_rate: 0.40624815657010094
  loss: log_loss
  max_depth: 1
  max_leaf_nodes: 10
  n_estimators: 338
  random_state: 0
test_score: 0.11646475344706331
train_time: 0.24797272682189941
val_score: 0.14446224097972402
