contains_categorical: false
dummy_loss: 10.593236393474356
dummy_metadata:
  auc: 0.5
  zo_loss: 0.2939001848428835
metadata:
  n_epochs: 242
  test:
    auc: 0.935806249794198
    zo_loss: 0.12199630314232901
  val:
    auc: 0.9341260423944995
    zo_loss: 0.12592592592592589
model_name: JOPLEn
params:
  SquaredFNorm_lam: 0.12108674535299434
  SquaredLaplacian_lam: 2.289277265118047e-05
  SquaredLaplacian_laplacian_type: LaplacianType.NORMALIZED
  SquaredLaplacian_sigma: 0.0001064908015005165
  cell_model: CellModel.linear
  loss_fn: LogisticLoss
  max_iters: 100000
  mu: 0.5312689779399635
  n_cells: 27
  n_partitions: 862
  partitioner: GBPartition
  random_state: 0
  verbose: false
test_score: 0.30052683776731687
train_time: 12.208207368850708
val_score: 0.3105186964675115
