contains_categorical: postprocessed
dummy_loss: 6.007275564852859
dummy_metadata:
  auc: 0.5
  zo_loss: 0.16666666666666663
metadata:
  n_epochs: 180
  test:
    auc: 0.48888888888888893
    zo_loss: 0.16666666666666663
  val:
    auc: 0.7129032258064516
    zo_loss: 0.13888888888888884
model_name: JOPLEn
params:
  Group21Norm_lam: 5.044006350961552
  SquaredFNorm_lam: 1000.0
  cell_model: CellModel.linear
  loss_fn: LogisticLoss
  max_iters: 100000
  n_cells: 2
  n_partitions: 15
  partitioner: LinearForestPartition
  random_state: 0
  verbose: false
test_score: 0.4568146899004264
train_time: 0.5837337970733643
val_score: 0.39743279135233905
