contains_categorical: postprocessed
dummy_loss: 2.669900251045715
dummy_metadata:
  auc: 0.5
  zo_loss: 0.07407407407407407
metadata:
  n_epochs: 1252
  test:
    auc: 1.0
    zo_loss: 0.07407407407407407
  val:
    auc: 1.0
    zo_loss: 0.0
model_name: JOPLEn
params:
  SquaredFNorm_lam: 1.0e-05
  cell_model: CellModel.constant
  loss_fn: LogisticLoss
  max_iters: 100000
  mu: 0.8038760608269011
  n_cells: 10
  n_partitions: 177
  partitioner: GBPartition
  random_state: 0
  verbose: false
test_score: 0.8535972189860445
train_time: 3.352525234222412
val_score: 2.3482119648936337e-06
