contains_categorical: postprocessed
dummy_loss: 7.20873067782343
dummy_metadata:
  auc: 0.5
  zo_loss: 0.19999999999999996
metadata:
  n_epochs: 941
  test:
    auc: 1.0
    zo_loss: 0.0
  val:
    auc: 0.9083333333333333
    zo_loss: 0.10526315789473684
model_name: JOPLEn
params:
  SquaredFNorm_lam: 4.722033297079352e-05
  cell_model: CellModel.constant
  loss_fn: LogisticLoss
  max_iters: 100000
  mu: 1.0e-05
  n_cells: 2
  n_partitions: 266
  partitioner: GBPartition
  random_state: 0
  verbose: false
test_score: 0.14286140652539941
train_time: 2.5504214763641357
val_score: 0.33638838151122896
