contains_categorical: false
dummy_loss: 1.0357204045057349
dummy_metadata: {}
metadata:
  test: {}
  val: {}
model_name: MultiTaskTrees
params:
  alpha: 0.6914137857734695
  batch_size: 1024
  depth: 1
  epochs: 10000
  learning_rate: 0.0458078757303775
  loss_criteria: mse
  num_tasks: 1
  num_trees: 308
  power: 3.3673950697416835e-05
test_score: 0.7153837017767037
train_time: 6.387281894683838
val_score: 0.7862360696834121
