contains_categorical: false
dummy_loss: 10.2981866826049
dummy_metadata:
  auc: 0.5
  zo_loss: 0.2857142857142857
metadata:
  n_epochs: 152
  test:
    auc: 0.8440000000000001
    zo_loss: 0.17142857142857137
  val:
    auc: 0.9484004127966976
    zo_loss: 0.12857142857142856
model_name: JOPLEn
params:
  SquaredFNorm_lam: 0.00021972184676282395
  SquaredLaplacian_lam: 1.316716127667486e-05
  SquaredLaplacian_laplacian_type: LaplacianType.LEFT_NORMALIZED
  SquaredLaplacian_sigma: 0.2811979313887278
  cell_model: CellModel.constant
  loss_fn: LogisticLoss
  max_iters: 100000
  mu: 6.8135723290504036
  n_cells: 2
  n_partitions: 225
  partitioner: GBPartition
  random_state: 0
  verbose: false
test_score: 0.48932369379279844
train_time: 0.689460277557373
val_score: 0.23953068613240858
