contains_categorical: postprocessed
dummy_loss: 12.191235705142565
dummy_metadata:
  auc: 0.5
  zo_loss: 0.3382352941176471
metadata:
  n_epochs: 146
  test:
    auc: 0.6164251207729469
    zo_loss: 0.3088235294117647
  val:
    auc: 0.7234567901234568
    zo_loss: 0.3037037037037037
model_name: JOPLEn
params:
  L1Norm_lam: 1.0e-05
  cell_model: CellModel.constant
  loss_fn: LogisticLoss
  max_iters: 100000
  mu: 7.943980747582905
  n_cells: 2
  n_partitions: 1000
  partitioner: VPartition
  random_state: 0
  verbose: false
test_score: 0.6328887365992807
train_time: 0.8208043575286865
val_score: 0.5743425649233163
