contains_categorical: postprocessed
dummy_loss: 16.19352543569032
dummy_metadata:
  auc: 0.5
  zo_loss: 0.4492753623188406
metadata:
  n_epochs: 460
  test:
    auc: 0.9125636672325976
    zo_loss: 0.13043478260869568
  val:
    auc: 0.8964232488822653
    zo_loss: 0.1376811594202898
model_name: JOPLEn
params:
  GroupInf1Norm_lam: 8.61259071863396
  SquaredFNorm_lam: 1.0e-05
  cell_model: CellModel.linear
  loss_fn: LogisticLoss
  max_iters: 100000
  n_cells: 4
  n_partitions: 72
  partitioner: LinearForestPartition
  random_state: 0
  verbose: false
test_score: 0.34877603467566204
train_time: 1.6014647483825684
val_score: 0.40496375015171004
