contains_categorical: postprocessed
dummy_loss: 2.669900251045715
dummy_metadata:
  auc: 0.5
  zo_loss: 0.07407407407407407
metadata:
  n_epochs: 128
  test:
    auc: 0.98
    zo_loss: 0.03703703703703709
  val:
    auc: 1.0
    zo_loss: 0.0
model_name: JOPLEn
params:
  Group21Norm_lam: 10.889646439270049
  cell_model: CellModel.linear
  loss_fn: LogisticLoss
  max_iters: 100000
  mu: 8.661117221839488
  n_cells: 16
  n_partitions: 307
  partitioner: VPartition
  random_state: 0
  verbose: false
test_score: 0.5904588241600168
train_time: 0.4683549404144287
val_score: 1.8875874710969676e-05
