contains_categorical: false
dummy_loss: 17.506917360428332
dummy_metadata:
  auc: 0.5
  zo_loss: 0.48571428571428577
metadata:
  n_epochs: 134
  test:
    auc: 0.7058823529411764
    zo_loss: 0.34285714285714286
  val:
    auc: 0.6058823529411765
    zo_loss: 0.42028985507246375
model_name: JOPLEn
params:
  SquaredFNorm_lam: 99.20347596023437
  SquaredLaplacian_lam: 0.0002942934156523229
  SquaredLaplacian_laplacian_type: LaplacianType.LEFT_NORMALIZED
  SquaredLaplacian_sigma: 0.15651100572938206
  cell_model: CellModel.linear
  loss_fn: LogisticLoss
  max_iters: 100000
  mu: 5.337510867299481
  n_cells: 4
  n_partitions: 28
  partitioner: LinearForestPartition
  random_state: 0
  verbose: false
test_score: 0.6466484838406569
train_time: 0.48845553398132324
val_score: 0.6766138559870687
