contains_categorical: postprocessed
dummy_loss: 16.193525435690322
dummy_metadata:
  auc: 0.5
  zo_loss: 0.4492753623188406
metadata:
  n_epochs: 114
  test:
    auc: 0.8921901528013583
    zo_loss: 0.17391304347826086
  val:
    auc: 0.8190334255908027
    zo_loss: 0.24637681159420288
model_name: JOPLEn
params:
  SquaredFNorm_lam: 1.0969854102069099
  SquaredLaplacian_lam: 1.3524041586600079e-05
  SquaredLaplacian_laplacian_type: LaplacianType.NORMALIZED
  SquaredLaplacian_sigma: 0.00039936658734793137
  cell_model: CellModel.constant
  loss_fn: LogisticLoss
  max_iters: 100000
  mu: 2.078014426614605
  n_cells: 23
  n_partitions: 353
  partitioner: GBPartition
  random_state: 0
  verbose: false
test_score: 0.4330510990656192
train_time: 0.6991221904754639
val_score: 0.4982966097158958
