contains_categorical: false
dummy_loss: 9.301587971385072
dummy_metadata:
  auc: 0.5
  zo_loss: 0.25806451612903225
metadata:
  n_epochs: 251
  test:
    auc: 0.8043478260869565
    zo_loss: 0.29032258064516125
  val:
    auc: 0.7139945652173912
    zo_loss: 0.24193548387096775
model_name: JOPLEn
params:
  SquaredFNorm_lam: 198.98198261687395
  cell_model: CellModel.linear
  loss_fn: LogisticLoss
  max_iters: 100000
  mu: 8.335382450607513
  n_cells: 2
  n_partitions: 523
  partitioner: RFPartition
  random_state: 0
  verbose: false
test_score: 0.5226562337468259
train_time: 1.041062355041504
val_score: 0.5152657324480193
