contains_categorical: postprocessed
dummy_loss: 18.021826694558577
dummy_metadata:
  auc: 0.5
  zo_loss: 0.5
metadata:
  test:
    auc: 0.94
    zo_loss: 0.19999999999999996
  val:
    auc: 1.0
    zo_loss: 0.050000000000000044
model_name: ExtraTreesClassifier
params:
  criterion: log_loss
  max_depth: 5
  max_features: 1
  max_leaf_nodes: 23
  n_estimators: 21
  random_state: 0
test_score: 0.5010592517608047
train_time: 0.012327432632446289
val_score: 0.43698719518815177
