contains_categorical: postprocessed
dummy_loss: 12.35782401912588
dummy_metadata:
  auc: 0.5
  zo_loss: 0.34285714285714286
metadata:
  test:
    auc: 1.0
    zo_loss: 0.014285714285714235
  val:
    auc: 0.9741847826086957
    zo_loss: 0.09999999999999998
model_name: RandomForestClassifier
params:
  ccp_alpha: 1.0e-05
  criterion: log_loss
  max_depth: 5
  max_leaf_nodes: 32
  n_estimators: 99
  n_jobs: -1
  random_state: 0
test_score: 0.12444743209902645
train_time: 0.11015629768371582
val_score: 0.24229960712272794
