contains_categorical: postprocessed
dummy_loss: 12.35782401912588
dummy_metadata:
  auc: 0.5
  zo_loss: 0.34285714285714286
metadata:
  n_epochs: 114
  test:
    auc: 0.9144021739130436
    zo_loss: 0.11428571428571432
  val:
    auc: 0.9757699275362318
    zo_loss: 0.0714285714285714
model_name: JOPLEn
params:
  SquaredFNorm_lam: 0.000899897439358011
  cell_model: CellModel.constant
  loss_fn: LogisticLoss
  max_iters: 100000
  mu: 3.336239940523759
  n_cells: 7
  n_partitions: 449
  partitioner: VPartition
  random_state: 0
  verbose: false
test_score: 0.31817238239865797
train_time: 0.5068185329437256
val_score: 0.16860298977003293
