contains_categorical: postprocessed
dummy_loss: 11.185961396622565
dummy_metadata:
  auc: 0.5
  zo_loss: 0.31034482758620685
metadata:
  n_epochs: 344
  test:
    auc: 0.6888888888888889
    zo_loss: 0.31034482758620685
  val:
    auc: 0.5631276901004304
    zo_loss: 0.2931034482758621
model_name: JOPLEn
params:
  L1Norm_lam: 0.00024359193825163625
  cell_model: CellModel.constant
  loss_fn: LogisticLoss
  max_iters: 100000
  mu: 1.0e-05
  n_cells: 2
  n_partitions: 410
  partitioner: RFPartition
  random_state: 0
  verbose: false
test_score: 0.5888022239846706
train_time: 1.172271966934204
val_score: 0.599479380545014
