contains_categorical: postprocessed
dummy_loss: 13.63813912020649
dummy_metadata:
  auc: 0.5
  zo_loss: 0.3783783783783784
metadata:
  n_epochs: 110
  test:
    auc: 0.7701863354037267
    zo_loss: 0.29729729729729726
  val:
    auc: 0.6560283687943262
    zo_loss: 0.33783783783783783
model_name: JOPLEn
params:
  SquaredFNorm_lam: 0.022049137399452003
  SquaredLaplacian_lam: 0.0002188823234024663
  SquaredLaplacian_laplacian_type: LaplacianType.STANDARD
  SquaredLaplacian_sigma: 43.650635549554416
  cell_model: CellModel.constant
  loss_fn: LogisticLoss
  max_iters: 100000
  mu: 6.043790167934841
  n_cells: 2
  n_partitions: 33
  partitioner: LinearForestPartition
  random_state: 0
  verbose: false
test_score: 0.5845532001888433
train_time: 0.3792097568511963
val_score: 0.6306963738888522
