contains_categorical: postprocessed
dummy_loss: 10.813096016735146
dummy_metadata:
  auc: 0.5
  zo_loss: 0.30000000000000004
metadata:
  n_epochs: 3641
  test:
    auc: 0.5902380952380951
    zo_loss: 0.28
  val:
    auc: 0.7561904761904761
    zo_loss: 0.22999999999999998
model_name: JOPLEn
params:
  SquaredFNorm_lam: 0.0020859046489535614
  cell_model: CellModel.constant
  loss_fn: LogisticLoss
  max_iters: 100000
  mu: 1.0e-05
  n_cells: 2
  n_partitions: 97
  partitioner: VPartition
  random_state: 0
  verbose: false
test_score: 0.6077332814074812
train_time: 9.844354152679443
val_score: 0.5340019278809012
