contains_categorical: postprocessed
dummy_loss: 2.1633525431921794
dummy_metadata:
  auc: 0.5
  zo_loss: 0.0600203458799593
metadata:
  n_epochs: 2613
  test:
    auc: 0.6513225475089882
    zo_loss: 0.0600203458799593
  val:
    auc: 0.649706920021113
    zo_loss: 0.05960264900662249
model_name: JOPLEn
params:
  GroupInf1Norm_lam: 1.0e-05
  cell_model: CellModel.linear
  loss_fn: LogisticLoss
  max_iters: 100000
  mu: 2.3911389849271787
  n_cells: 16
  n_partitions: 1000
  partitioner: VPartition
  random_state: 0
  verbose: false
test_score: 0.22117318169388892
train_time: 80.53402185440063
val_score: 0.2176040330478683
