contains_categorical: false
dummy_loss: 16.019401506274292
dummy_metadata:
  auc: 0.5
  zo_loss: 0.4444444444444444
metadata:
  n_epochs: 51
  test:
    auc: 0.6
    zo_loss: 0.2222222222222222
  val:
    auc: 0.935064935064935
    zo_loss: 0.2222222222222222
model_name: JOPLEn
params:
  Group21Norm_lam: 4.304555433616879e-05
  cell_model: CellModel.linear
  loss_fn: LogisticLoss
  max_iters: 100000
  mu: 4.683668139192525
  n_cells: 2
  n_partitions: 1000
  partitioner: RFPartition
  random_state: 0
  verbose: false
test_score: 0.6596654007921285
train_time: 0.8118901252746582
val_score: 0.3983422365351114
