contains_categorical: postprocessed
dummy_loss: 6.007275564852859
dummy_metadata:
  auc: 0.5
  zo_loss: 0.16666666666666663
metadata:
  n_epochs: 935
  test:
    auc: 0.5111111111111111
    zo_loss: 0.16666666666666663
  val:
    auc: 0.5870967741935484
    zo_loss: 0.13888888888888884
model_name: JOPLEn
params:
  SquaredFNorm_lam: 0.10208651610802094
  cell_model: CellModel.constant
  loss_fn: LogisticLoss
  max_iters: 100000
  mu: 1.0e-05
  n_cells: 32
  n_partitions: 35
  partitioner: RFPartition
  random_state: 0
  verbose: false
test_score: 0.490267658419673
train_time: 2.414052724838257
val_score: 0.4151804675076367
