contains_categorical: false
dummy_loss: 12.638683655924195
dummy_metadata:
  auc: 0.5
  zo_loss: 0.35064935064935066
metadata:
  n_epochs: 133
  test:
    auc: 0.8674074074074074
    zo_loss: 0.19480519480519476
  val:
    auc: 0.8561111111111112
    zo_loss: 0.2012987012987013
model_name: JOPLEn
params:
  SquaredFNorm_lam: 0.00042088317701682913
  cell_model: CellModel.constant
  loss_fn: LogisticLoss
  max_iters: 100000
  mu: 2.0521385186959096
  n_cells: 2
  n_partitions: 1000
  partitioner: GBPartition
  random_state: 0
  verbose: false
test_score: 0.4460151674979201
train_time: 1.148456335067749
val_score: 0.438857480100624
