contains_categorical: postprocessed
dummy_loss: 16.019401506274292
dummy_metadata:
  auc: 0.5
  zo_loss: 0.4444444444444444
metadata:
  n_epochs: 114
  test:
    auc: 0.975
    zo_loss: 0.33333333333333337
  val:
    auc: 0.625
    zo_loss: 0.4117647058823529
model_name: JOPLEn
params:
  SquaredFNorm_lam: 9.889816681449437
  cell_model: CellModel.constant
  loss_fn: LogisticLoss
  max_iters: 100000
  mu: 6.827259701481138
  n_cells: 2
  n_partitions: 270
  partitioner: GBPartition
  random_state: 0
  verbose: false
test_score: 0.6074568657321829
train_time: 0.3741629123687744
val_score: 0.6743682732783373
