contains_categorical: postprocessed
dummy_loss: 13.63813912020649
dummy_metadata:
  auc: 0.5
  zo_loss: 0.3783783783783784
metadata:
  n_epochs: 134
  test:
    auc: 0.7282608695652174
    zo_loss: 0.2432432432432432
  val:
    auc: 0.6871552403467296
    zo_loss: 0.32432432432432434
model_name: JOPLEn
params:
  L1Norm_lam: 1.0e-05
  cell_model: CellModel.constant
  loss_fn: LogisticLoss
  max_iters: 100000
  mu: 5.0131827740957595
  n_cells: 2
  n_partitions: 10
  partitioner: LinearForestPartition
  random_state: 0
  verbose: false
test_score: 0.5873630460972644
train_time: 0.3882639408111572
val_score: 0.6055091677886018
