contains_categorical: postprocessed
dummy_loss: 13.216006242676288
dummy_metadata:
  auc: 0.5
  zo_loss: 0.3666666666666667
metadata:
  n_epochs: 108
  test:
    auc: 0.8564593301435407
    zo_loss: 0.16666666666666663
  val:
    auc: 0.8609022556390977
    zo_loss: 0.2033898305084746
model_name: JOPLEn
params:
  SquaredFNorm_lam: 1.0e-05
  SquaredLaplacian_lam: 0.00012083452067716038
  SquaredLaplacian_laplacian_type: LaplacianType.STANDARD
  SquaredLaplacian_sigma: 1.0e-05
  cell_model: CellModel.constant
  loss_fn: LogisticLoss
  max_iters: 100000
  mu: 9.466102839038664
  n_cells: 32
  n_partitions: 44
  partitioner: GBPartition
  random_state: 0
  verbose: false
test_score: 0.4247241234664367
train_time: 0.3611629009246826
val_score: 0.451076893677985
