contains_categorical: postprocessed
dummy_loss: 13.01576372384786
dummy_metadata:
  auc: 0.5
  zo_loss: 0.36111111111111116
metadata:
  n_epochs: 124
  test:
    auc: 0.9498327759197325
    zo_loss: 0.16666666666666663
  val:
    auc: 0.9822222222222222
    zo_loss: 0.042857142857142816
model_name: JOPLEn
params:
  GroupInf1Norm_lam: 1.2089321011428313
  cell_model: CellModel.linear
  loss_fn: LogisticLoss
  max_iters: 100000
  mu: 8.569245735395343
  n_cells: 5
  n_partitions: 287
  partitioner: RFPartition
  random_state: 0
  verbose: false
test_score: 0.4270302207578823
train_time: 0.6274726390838623
val_score: 0.12663865860224896
