contains_categorical: postprocessed
dummy_loss: 2.1633525431921794
dummy_metadata:
  auc: 0.5
  zo_loss: 0.0600203458799593
metadata:
  n_epochs: 196
  test:
    auc: 0.6294023772837333
    zo_loss: 0.0600203458799593
  val:
    auc: 0.6604670759600336
    zo_loss: 0.05960264900662249
model_name: JOPLEn
params:
  SquaredFNorm_lam: 0.001287055042512975
  SquaredLaplacian_lam: 0.005135346023169933
  SquaredLaplacian_laplacian_type: LaplacianType.NORMALIZED
  SquaredLaplacian_sigma: 2.9180054959099913
  cell_model: CellModel.constant
  loss_fn: LogisticLoss
  max_iters: 100000
  mu: 7.672296781734405
  n_cells: 17
  n_partitions: 171
  partitioner: VPartition
  random_state: 0
  verbose: false
test_score: 0.2240067939926595
train_time: 2.7418816089630127
val_score: 0.21731471773102562
