contains_categorical: postprocessed
dummy_loss: 15.44728002390735
dummy_metadata:
  auc: 0.5
  zo_loss: 0.4285714285714286
metadata:
  n_epochs: 117
  test:
    auc: 1.0
    zo_loss: 0.0714285714285714
  val:
    auc: 0.8021978021978022
    zo_loss: 0.2592592592592593
model_name: JOPLEn
params:
  L1Norm_lam: 0.001920189095027151
  cell_model: CellModel.constant
  loss_fn: LogisticLoss
  max_iters: 100000
  mu: 10.0
  n_cells: 4
  n_partitions: 45
  partitioner: LinearForestPartition
  random_state: 0
  verbose: false
test_score: 0.20740735270099964
train_time: 0.32795262336730957
val_score: 0.5281921182506908
