contains_categorical: postprocessed
dummy_loss: 21.626192033470293
dummy_metadata:
  auc: 0.5
  zo_loss: 0.6
metadata:
  n_epochs: 111
  test:
    auc: 0.3333333333333333
    zo_loss: 0.4
  val:
    auc: 0.52
    zo_loss: 0.4
model_name: JOPLEn
params:
  SquaredFNorm_lam: 32.75816648723189
  SquaredLaplacian_lam: 0.2599612685391338
  SquaredLaplacian_laplacian_type: LaplacianType.NORMALIZED
  SquaredLaplacian_sigma: 0.003064132747357657
  cell_model: CellModel.linear
  loss_fn: LogisticLoss
  max_iters: 100000
  mu: 2.826520942591308
  n_cells: 28
  n_partitions: 22
  partitioner: RFPartition
  random_state: 0
  verbose: false
test_score: 0.693703425119196
train_time: 0.435638427734375
val_score: 0.692202505213304
