contains_categorical: false
dummy_loss: 13.279240722306321
dummy_metadata:
  auc: 0.5
  zo_loss: 0.368421052631579
metadata:
  n_epochs: 141
  test:
    auc: 0.9947089947089947
    zo_loss: 0.01754385964912286
  val:
    auc: 0.9859154929577464
    zo_loss: 0.052631578947368474
model_name: JOPLEn
params:
  GroupInf1Norm_lam: 35.68305832111763
  cell_model: CellModel.linear
  loss_fn: LogisticLoss
  max_iters: 100000
  mu: 2.358667092196065
  n_cells: 5
  n_partitions: 169
  partitioner: RFPartition
  random_state: 0
  verbose: false
test_score: 0.0813062751460279
train_time: 0.5401523113250732
val_score: 0.132767726312119
