contains_categorical: postprocessed
dummy_loss: 16.193525435690322
dummy_metadata:
  auc: 0.5
  zo_loss: 0.4492753623188406
metadata:
  n_epochs: 110
  test:
    auc: 0.9108658743633276
    zo_loss: 0.17391304347826086
  val:
    auc: 0.793698105173515
    zo_loss: 0.2536231884057971
model_name: JOPLEn
params:
  SquaredFNorm_lam: 0.010628315520315791
  SquaredLaplacian_lam: 4.0142128235900586e-05
  SquaredLaplacian_laplacian_type: LaplacianType.STANDARD
  SquaredLaplacian_sigma: 0.2724520421206615
  cell_model: CellModel.linear
  loss_fn: LogisticLoss
  max_iters: 100000
  mu: 1.0
  n_cells: 6
  n_partitions: 10
  partitioner: VPartition
  random_state: 0
  verbose: false
test_score: 0.4061271303649123
train_time: 0.3619382381439209
val_score: 0.5427888896061867
