contains_categorical: false
dummy_loss: 10.593236393474356
dummy_metadata:
  auc: 0.5
  zo_loss: 0.2939001848428835
metadata:
  n_epochs: 169
  test:
    auc: 0.9463597747703251
    zo_loss: 0.12199630314232901
  val:
    auc: 0.9312484754269839
    zo_loss: 0.13055555555555554
model_name: JOPLEn
params:
  GroupInf1Norm_lam: 7.128782458759535
  cell_model: CellModel.linear
  loss_fn: LogisticLoss
  max_iters: 100000
  mu: 1.0
  n_cells: 14
  n_partitions: 1000
  partitioner: VPartition
  random_state: 0
  verbose: false
test_score: 0.27188270352815075
train_time: 4.430351972579956
val_score: 0.31246745212429683
