contains_categorical: postprocessed
dummy_loss: 13.21600624267629
dummy_metadata:
  auc: 0.5
  zo_loss: 0.3666666666666667
metadata:
  n_epochs: 113
  test:
    auc: 0.832535885167464
    zo_loss: 0.16666666666666663
  val:
    auc: 0.8220551378446115
    zo_loss: 0.2033898305084746
model_name: JOPLEn
params:
  SquaredFNorm_lam: 1.0e-05
  SquaredLaplacian_lam: 0.001064036197901956
  SquaredLaplacian_laplacian_type: LaplacianType.LEFT_NORMALIZED
  SquaredLaplacian_sigma: 0.0016715665536770597
  cell_model: CellModel.linear
  loss_fn: LogisticLoss
  max_iters: 100000
  mu: 7.647119606385364
  n_cells: 2
  n_partitions: 338
  partitioner: LinearForestPartition
  random_state: 0
  verbose: false
test_score: 0.4145513035847248
train_time: 0.5901889801025391
val_score: 0.5143656948408366
