contains_categorical: postprocessed
dummy_loss: 7.20873067782343
dummy_metadata:
  auc: 0.5
  zo_loss: 0.19999999999999996
metadata:
  n_epochs: 206
  test:
    auc: 1.0
    zo_loss: 0.0
  val:
    auc: 0.9833333333333334
    zo_loss: 0.10526315789473684
model_name: JOPLEn
params:
  GroupInf1Norm_lam: 50.450241579296666
  cell_model: CellModel.linear
  loss_fn: LogisticLoss
  max_iters: 100000
  mu: 8.04512351746647
  n_cells: 2
  n_partitions: 161
  partitioner: VPartition
  random_state: 0
  verbose: false
test_score: 0.026599586946633273
train_time: 0.9665822982788086
val_score: 0.16736191163939634
