contains_categorical: postprocessed
dummy_loss: 13.63813912020649
dummy_metadata:
  auc: 0.5
  zo_loss: 0.3783783783783784
metadata:
  n_epochs: 129
  test:
    auc: 0.670807453416149
    zo_loss: 0.32432432432432434
  val:
    auc: 0.6879432624113474
    zo_loss: 0.32432432432432434
model_name: JOPLEn
params:
  GroupInf1Norm_lam: 367.5002979960927
  cell_model: CellModel.linear
  loss_fn: LogisticLoss
  max_iters: 100000
  mu: 6.502001524357649
  n_cells: 18
  n_partitions: 10
  partitioner: VPartition
  random_state: 0
  verbose: false
test_score: 0.6159012839182676
train_time: 0.35973119735717773
val_score: 0.6041920530328787
