contains_categorical: false
dummy_loss: 10.2981866826049
dummy_metadata:
  auc: 0.5
  zo_loss: 0.2857142857142857
metadata:
  n_epochs: 132
  test:
    auc: 0.836
    zo_loss: 0.17142857142857137
  val:
    auc: 0.9308565531475748
    zo_loss: 0.1428571428571429
model_name: JOPLEn
params:
  GroupInf1Norm_lam: 28.033070048188605
  cell_model: CellModel.linear
  loss_fn: LogisticLoss
  max_iters: 100000
  mu: 1.0
  n_cells: 5
  n_partitions: 611
  partitioner: VPartition
  random_state: 0
  verbose: false
test_score: 0.42660453850741853
train_time: 0.6341269016265869
val_score: 0.28333934455338255
