contains_categorical: postprocessed
dummy_loss: 16.19352543569032
dummy_metadata:
  auc: 0.5
  zo_loss: 0.4492753623188406
metadata:
  n_epochs: 124
  test:
    auc: 0.8853989813242784
    zo_loss: 0.1159420289855072
  val:
    auc: 0.8797104534809452
    zo_loss: 0.15217391304347827
model_name: JOPLEn
params:
  SquaredFNorm_lam: 32.33471316328968
  cell_model: CellModel.linear
  loss_fn: LogisticLoss
  max_iters: 100000
  mu: 0.838943513314963
  n_cells: 8
  n_partitions: 368
  partitioner: LinearForestPartition
  random_state: 0
  verbose: false
test_score: 0.38551371596597006
train_time: 0.7176570892333984
val_score: 0.4148738606069869
