contains_categorical: postprocessed
dummy_loss: 12.35782401912588
dummy_metadata:
  auc: 0.5
  zo_loss: 0.34285714285714286
metadata:
  test:
    auc: 0.9189311594202899
    zo_loss: 0.09999999999999998
  val:
    auc: 0.9698822463768115
    zo_loss: 0.07857142857142863
model_name: ExtraTreesClassifier
params:
  criterion: log_loss
  max_depth: 5
  max_features: 1
  max_leaf_nodes: 11
  n_estimators: 53
  random_state: 0
test_score: 0.2849908910432817
train_time: 0.027831077575683594
val_score: 0.19240394432812438
