contains_categorical: false
dummy_loss: 17.506917360428332
dummy_metadata:
  auc: 0.5
  zo_loss: 0.48571428571428577
metadata:
  n_epochs: 286
  test:
    auc: 0.6601307189542484
    zo_loss: 0.37142857142857144
  val:
    auc: 0.6134453781512604
    zo_loss: 0.42028985507246375
model_name: JOPLEn
params:
  SquaredFNorm_lam: 1000.0
  SquaredLaplacian_lam: 0.0001963288673128972
  SquaredLaplacian_laplacian_type: LaplacianType.LEFT_NORMALIZED
  SquaredLaplacian_sigma: 0.04751745162030267
  cell_model: CellModel.linear
  loss_fn: LogisticLoss
  max_iters: 100000
  mu: 2.3671743286471054
  n_cells: 10
  n_partitions: 10
  partitioner: RFPartition
  random_state: 0
  verbose: false
test_score: 0.6541242634772249
train_time: 1.0983843803405762
val_score: 0.6737938023167355
