contains_categorical: false
dummy_loss: 20.132029518391338
dummy_metadata: {}
metadata:
  test: {}
  val: {}
model_name: MultiTaskTrees
params:
  alpha: 0.008278909294840552
  batch_size: 1024
  depth: 2
  epochs: 10000
  learning_rate: 0.001
  loss_criteria: mse
  num_tasks: 1
  num_trees: 358
  power: 100.0
test_score: 45.5418262424637
train_time: 20.14750337600708
val_score: 49.534334592321336
