contains_categorical: postprocessed
dummy_loss: 5.118198781254636
dummy_metadata:
  auc: 0.5
  zo_loss: 0.14200000000000002
metadata:
  n_epochs: 128
  test:
    auc: 0.7921139892970879
    zo_loss: 0.10399999999999998
  val:
    auc: 0.7884822033758205
    zo_loss: 0.10310310310310311
model_name: JOPLEn
params:
  SquaredFNorm_lam: 0.0004947138370937195
  SquaredLaplacian_lam: 0.0003607161797315866
  SquaredLaplacian_laplacian_type: LaplacianType.NORMALIZED
  SquaredLaplacian_sigma: 1.3010709916574157
  cell_model: CellModel.constant
  loss_fn: LogisticLoss
  max_iters: 100000
  mu: 6.303526677655895
  n_cells: 17
  n_partitions: 114
  partitioner: GBPartition
  random_state: 0
  verbose: false
test_score: 0.30598862070236194
train_time: 2.253997802734375
val_score: 0.30718238607068526
