contains_categorical: false
dummy_loss: 21.626192033470293
dummy_metadata:
  auc: 0.5
  zo_loss: 0.6
metadata:
  n_epochs: 208
  test:
    auc: 1.0
    zo_loss: 0.0
  val:
    auc: 1.0
    zo_loss: 0.09999999999999998
model_name: JOPLEn
params:
  L1Norm_lam: 0.004627800210856953
  cell_model: CellModel.constant
  loss_fn: LogisticLoss
  max_iters: 100000
  mu: 1.5121102907781039
  n_cells: 18
  n_partitions: 10
  partitioner: VPartition
  random_state: 0
  verbose: false
test_score: 0.036424828142296216
train_time: 0.5982859134674072
val_score: 0.25702316565440275
