contains_categorical: false
dummy_loss: 15.769098357738756
dummy_metadata:
  auc: 0.5
  zo_loss: 0.4375
metadata:
  n_epochs: 220
  test:
    auc: 1.0
    zo_loss: 0.02083333333333337
  val:
    auc: 0.9933862433862434
    zo_loss: 0.05208333333333337
model_name: JOPLEn
params:
  SquaredFNorm_lam: 0.0009687409103230791
  cell_model: CellModel.constant
  loss_fn: LogisticLoss
  max_iters: 100000
  mu: 1.8291073539523879
  n_cells: 31
  n_partitions: 769
  partitioner: VPartition
  random_state: 0
  verbose: false
test_score: 0.06988986066673472
train_time: 1.507322072982788
val_score: 0.11244731233129945
