contains_categorical: postprocessed
dummy_loss: 15.44728002390735
dummy_metadata:
  auc: 0.5
  zo_loss: 0.4285714285714286
metadata:
  n_epochs: 132
  test:
    auc: 0.75
    zo_loss: 0.2857142857142857
  val:
    auc: 0.7582417582417583
    zo_loss: 0.37037037037037035
model_name: JOPLEn
params:
  SquaredFNorm_lam: 1.0e-05
  cell_model: CellModel.constant
  loss_fn: LogisticLoss
  max_iters: 100000
  mu: 7.709808238303007
  n_cells: 2
  n_partitions: 271
  partitioner: VPartition
  random_state: 0
  verbose: false
test_score: 0.5275566120945915
train_time: 0.4550607204437256
val_score: 0.5844637201203505
