contains_categorical: postprocessed
dummy_loss: 16.277778949923874
dummy_metadata:
  auc: 0.5
  zo_loss: 0.4516129032258065
metadata:
  n_epochs: 2471
  test:
    auc: 0.6596638655462186
    zo_loss: 0.4516129032258065
  val:
    auc: 0.8235930735930735
    zo_loss: 0.24590163934426235
model_name: JOPLEn
params:
  Group21Norm_lam: 1000.0
  cell_model: CellModel.linear
  loss_fn: LogisticLoss
  max_iters: 100000
  mu: 1.0e-05
  n_cells: 2
  n_partitions: 78
  partitioner: VPartition
  random_state: 0
  verbose: false
test_score: 0.6630166861490101
train_time: 6.42460560798645
val_score: 0.510541507370832
