contains_categorical: postprocessed
dummy_loss: 7.20873067782343
dummy_metadata:
  auc: 0.5
  zo_loss: 0.19999999999999996
metadata:
  n_epochs: 921
  test:
    auc: 0.875
    zo_loss: 0.09999999999999998
  val:
    auc: 0.9866666666666667
    zo_loss: 0.09999999999999998
model_name: JOPLEn
params:
  SquaredFNorm_lam: 108.44838806417783
  SquaredLaplacian_lam: 0.005229267167257485
  SquaredLaplacian_laplacian_type: LaplacianType.STANDARD
  SquaredLaplacian_sigma: 0.8567747039498137
  cell_model: CellModel.linear
  loss_fn: LogisticLoss
  max_iters: 100000
  mu: 4.620065971921264
  n_cells: 8
  n_partitions: 24
  partitioner: RFPartition
  random_state: 0
  verbose: false
test_score: 0.39539454124009643
train_time: 2.953573226928711
val_score: 0.14710113366778682
