contains_categorical: false
dummy_loss: 16.019401506274292
dummy_metadata:
  auc: 0.5
  zo_loss: 0.4444444444444444
metadata:
  n_epochs: 110
  test:
    auc: 0.6
    zo_loss: 0.33333333333333337
  val:
    auc: 0.8961038961038961
    zo_loss: 0.16666666666666663
model_name: JOPLEn
params:
  SquaredFNorm_lam: 4.474680411101884e-05
  cell_model: CellModel.linear
  loss_fn: LogisticLoss
  max_iters: 100000
  mu: 1.8437058713145185
  n_cells: 2
  n_partitions: 18
  partitioner: GBPartition
  random_state: 0
  verbose: false
test_score: 0.6049941133009613
train_time: 0.33738231658935547
val_score: 0.32986120969838917
