contains_categorical: postprocessed
dummy_loss: 15.859207491211547
dummy_metadata:
  auc: 0.5
  zo_loss: 0.43999999999999995
metadata:
  n_epochs: 111
  test:
    auc: 0.6948051948051948
    zo_loss: 0.31999999999999995
  val:
    auc: 0.7418831168831169
    zo_loss: 0.31000000000000005
model_name: JOPLEn
params:
  SquaredFNorm_lam: 0.05664163694477351
  cell_model: CellModel.linear
  loss_fn: LogisticLoss
  max_iters: 100000
  mu: 3.737981794103233
  n_cells: 2
  n_partitions: 224
  partitioner: RFPartition
  random_state: 0
  verbose: false
test_score: 0.6380030669280942
train_time: 0.5035967826843262
val_score: 0.5944766739250394
