contains_categorical: false
dummy_loss: 9.301587971385072
dummy_metadata:
  auc: 0.5
  zo_loss: 0.25806451612903225
metadata:
  n_epochs: 126
  test:
    auc: 0.7717391304347827
    zo_loss: 0.22580645161290325
  val:
    auc: 0.7370923913043479
    zo_loss: 0.22580645161290325
model_name: JOPLEn
params:
  Group21Norm_lam: 18.143596273563023
  cell_model: CellModel.linear
  loss_fn: LogisticLoss
  max_iters: 100000
  mu: 1.0
  n_cells: 15
  n_partitions: 10
  partitioner: VPartition
  random_state: 0
  verbose: false
test_score: 0.4908964490232104
train_time: 0.3666372299194336
val_score: 0.5179634834253655
