contains_categorical: postprocessed
dummy_loss: 12.270179877146266
dummy_metadata:
  auc: 0.5
  zo_loss: 0.34042553191489366
metadata:
  n_epochs: 111
  test:
    auc: 0.6794354838709677
    zo_loss: 0.34042553191489366
  val:
    auc: 0.7858606557377049
    zo_loss: 0.26881720430107525
model_name: JOPLEn
params:
  SquaredFNorm_lam: 0.01986124744812917
  SquaredLaplacian_lam: 0.00017259915358221382
  SquaredLaplacian_laplacian_type: LaplacianType.LEFT_NORMALIZED
  SquaredLaplacian_sigma: 0.3053822398777704
  cell_model: CellModel.linear
  loss_fn: LogisticLoss
  max_iters: 100000
  mu: 7.6791927144464704
  n_cells: 11
  n_partitions: 128
  partitioner: RFPartition
  random_state: 0
  verbose: false
test_score: 0.6867968609464618
train_time: 0.6115031242370605
val_score: 0.5434653887142615
