contains_categorical: postprocessed
dummy_loss: 6.007275564852859
dummy_metadata:
  auc: 0.5
  zo_loss: 0.16666666666666663
metadata:
  n_epochs: 221
  test:
    auc: 0.42222222222222217
    zo_loss: 0.16666666666666663
  val:
    auc: 0.6129032258064516
    zo_loss: 0.13888888888888884
model_name: JOPLEn
params:
  SquaredFNorm_lam: 176.1740517697762
  SquaredLaplacian_lam: 0.0012183227811228701
  SquaredLaplacian_laplacian_type: LaplacianType.STANDARD
  SquaredLaplacian_sigma: 0.4343266474056705
  cell_model: CellModel.linear
  loss_fn: LogisticLoss
  max_iters: 100000
  mu: 5.936779029552779
  n_cells: 5
  n_partitions: 20
  partitioner: RFPartition
  random_state: 0
  verbose: false
test_score: 0.5071503882059223
train_time: 0.6958591938018799
val_score: 0.39292911819842036
