contains_categorical: false
dummy_loss: 16.019401506274292
dummy_metadata:
  auc: 0.5
  zo_loss: 0.4444444444444444
metadata:
  n_epochs: 105
  test:
    auc: 0.6
    zo_loss: 0.6666666666666667
  val:
    auc: 0.948051948051948
    zo_loss: 0.16666666666666663
model_name: JOPLEn
params:
  L1Norm_lam: 4.8867394754494655e-05
  cell_model: CellModel.constant
  loss_fn: LogisticLoss
  max_iters: 100000
  mu: 5.84356643090179
  n_cells: 6
  n_partitions: 10
  partitioner: VPartition
  random_state: 0
  verbose: false
test_score: 0.8868264431484925
train_time: 0.3151726722717285
val_score: 0.3990119044309435
