contains_categorical: false
dummy_loss: 16.961719241937484
dummy_metadata:
  auc: 0.5
  zo_loss: 0.47058823529411764
metadata:
  n_epochs: 495
  test:
    auc: 0.875
    zo_loss: 0.17647058823529416
  val:
    auc: 0.8629629629629629
    zo_loss: 0.24242424242424243
model_name: JOPLEn
params:
  GroupInf1Norm_lam: 1.8781874499575606
  SquaredFNorm_lam: 0.0048291158227294325
  cell_model: CellModel.linear
  loss_fn: LogisticLoss
  max_iters: 100000
  n_cells: 2
  n_partitions: 368
  partitioner: LinearForestPartition
  random_state: 0
  verbose: false
test_score: 0.4607956030354477
train_time: 1.8437402248382568
val_score: 0.4839289473828347
