contains_categorical: postprocessed
dummy_loss: 13.63813912020649
dummy_metadata:
  auc: 0.5
  zo_loss: 0.3783783783783784
metadata:
  n_epochs: 110
  test:
    auc: 0.6987577639751552
    zo_loss: 0.2432432432432432
  val:
    auc: 0.7123719464144995
    zo_loss: 0.33783783783783783
model_name: JOPLEn
params:
  GroupInf1Norm_lam: 1000.0
  cell_model: CellModel.linear
  loss_fn: LogisticLoss
  max_iters: 100000
  mu: 10.0
  n_cells: 11
  n_partitions: 38
  partitioner: RFPartition
  random_state: 0
  verbose: false
test_score: 0.5756857284507739
train_time: 0.35556912422180176
val_score: 0.5985485066665515
