contains_categorical: false
dummy_loss: 18.74269976234092
dummy_metadata:
  auc: 0.5
  zo_loss: 0.52
metadata:
  n_epochs: 211
  test:
    auc: 0.9647435897435898
    zo_loss: 0.12
  val:
    auc: 0.9616
    zo_loss: 0.12
model_name: JOPLEn
params:
  SquaredFNorm_lam: 1.0e-05
  cell_model: CellModel.constant
  loss_fn: LogisticLoss
  max_iters: 100000
  mu: 3.9365449999484863
  n_cells: 2
  n_partitions: 42
  partitioner: GBPartition
  random_state: 0
  verbose: false
test_score: 0.23432699676308347
train_time: 0.558255672454834
val_score: 0.2268370869389849
