contains_categorical: false
dummy_loss: 13.279240722306321
dummy_metadata:
  auc: 0.5
  zo_loss: 0.368421052631579
metadata:
  n_epochs: 153
  test:
    auc: 0.9973544973544973
    zo_loss: 0.03508771929824561
  val:
    auc: 0.9908286930887651
    zo_loss: 0.02631578947368418
model_name: JOPLEn
params:
  SquaredFNorm_lam: 0.3145464175500212
  cell_model: CellModel.linear
  loss_fn: LogisticLoss
  max_iters: 100000
  mu: 8.195713918309128
  n_cells: 2
  n_partitions: 123
  partitioner: LinearForestPartition
  random_state: 0
  verbose: false
test_score: 0.06422761181678431
train_time: 0.5839455127716064
val_score: 0.10452963747274044
