contains_categorical: false
dummy_loss: 21.626192033470293
dummy_metadata:
  auc: 0.5
  zo_loss: 0.6
metadata:
  n_epochs: 209
  test:
    auc: 1.0
    zo_loss: 0.0
  val:
    auc: 0.8400000000000001
    zo_loss: 0.19999999999999996
model_name: JOPLEn
params:
  SquaredFNorm_lam: 1.2387914695899076
  cell_model: CellModel.constant
  loss_fn: LogisticLoss
  max_iters: 100000
  mu: 7.728059287826165
  n_cells: 21
  n_partitions: 143
  partitioner: GBPartition
  random_state: 0
  verbose: false
test_score: 0.12605553865389665
train_time: 0.631718635559082
val_score: 0.43442052486570465
