contains_categorical: postprocessed
dummy_loss: 2.669900251045715
dummy_metadata:
  auc: 0.5
  zo_loss: 0.07407407407407407
metadata:
  test:
    auc: 1.0
    zo_loss: 0.03703703703703709
  val:
    auc: 1.0
    zo_loss: 0.0
model_name: NN
params:
  activation: relu
  alpha: 0.00016439020129672288
  batch_size: 256
  epochs: 10000
  hidden_layer_size: 10
  learning_rate: 0.08736909186014592
  n_hidden_layers: 1
  patience: 100
test_score: 0.03049875720688413
train_time: 14.363476276397705
val_score: 0.008002223008364558
