contains_categorical: postprocessed
dummy_loss: 6.758185010459466
dummy_metadata:
  auc: 0.5
  zo_loss: 0.1875
metadata:
  n_epochs: 117
  test:
    auc: 0.5384615384615385
    zo_loss: 0.1875
  val:
    auc: 0.7666666666666666
    zo_loss: 0.16129032258064513
model_name: JOPLEn
params:
  SquaredFNorm_lam: 379.65886140615663
  cell_model: CellModel.linear
  loss_fn: LogisticLoss
  max_iters: 100000
  mu: 1.0
  n_cells: 2
  n_partitions: 1000
  partitioner: VPartition
  random_state: 0
  verbose: false
test_score: 0.4838607590113258
train_time: 0.7484791278839111
val_score: 0.4226390845941475
