contains_categorical: postprocessed
dummy_loss: 16.01940150627429
dummy_metadata:
  auc: 0.5
  zo_loss: 0.4444444444444444
metadata:
  n_epochs: 133
  test:
    auc: 0.8611111111111112
    zo_loss: 0.2222222222222222
  val:
    auc: 0.8388888888888889
    zo_loss: 0.31481481481481477
model_name: JOPLEn
params:
  GroupInf1Norm_lam: 0.17356887638127866
  cell_model: CellModel.linear
  loss_fn: LogisticLoss
  max_iters: 100000
  mu: 7.640294117100889
  n_cells: 2
  n_partitions: 287
  partitioner: VPartition
  random_state: 0
  verbose: false
test_score: 0.4695363155006203
train_time: 0.4859170913696289
val_score: 0.5018530423436179
