contains_categorical: postprocessed
dummy_loss: 6.007275564852859
dummy_metadata:
  auc: 0.5
  zo_loss: 0.16666666666666663
metadata:
  n_epochs: 112
  test:
    auc: 0.6222222222222222
    zo_loss: 0.16666666666666663
  val:
    auc: 0.6258064516129032
    zo_loss: 0.13888888888888884
model_name: JOPLEn
params:
  SquaredFNorm_lam: 95.28968143851908
  cell_model: CellModel.linear
  loss_fn: LogisticLoss
  max_iters: 100000
  mu: 9.2777604480649
  n_cells: 2
  n_partitions: 217
  partitioner: GBPartition
  random_state: 0
  verbose: false
test_score: 0.43989838834320855
train_time: 0.3639190196990967
val_score: 0.3987442783544541
