contains_categorical: postprocessed
dummy_loss: 0.5721214823669392
dummy_metadata:
  auc: 0.5
  zo_loss: 0.015873015873015928
metadata:
  n_epochs: 171
  test:
    auc: 0.8525985663082437
    zo_loss: 0.015873015873015928
  val:
    auc: 0.8258086253369272
    zo_loss: 0.017241379310344862
model_name: JOPLEn
params:
  GroupInf1Norm_lam: 0.0004742504788787414
  cell_model: CellModel.linear
  loss_fn: LogisticLoss
  max_iters: 100000
  mu: 8.102724173456151
  n_cells: 3
  n_partitions: 1000
  partitioner: VPartition
  random_state: 0
  verbose: false
test_score: 0.07133286352867552
train_time: 1.2916276454925537
val_score: 0.06910602607922747
