contains_categorical: postprocessed
dummy_loss: 16.277778949923874
dummy_metadata:
  auc: 0.5
  zo_loss: 0.4516129032258065
metadata:
  n_epochs: 58
  test:
    auc: 0.773109243697479
    zo_loss: 0.29032258064516125
  val:
    auc: 0.7683982683982685
    zo_loss: 0.2786885245901639
model_name: JOPLEn
params:
  Group21Norm_lam: 1.0e-05
  SquaredFNorm_lam: 0.05510625110524168
  cell_model: CellModel.linear
  loss_fn: LogisticLoss
  max_iters: 100000
  n_cells: 4
  n_partitions: 1000
  partitioner: LinearForestPartition
  random_state: 0
  verbose: false
test_score: 0.5913553231577753
train_time: 0.9095513820648193
val_score: 0.5817859014429817
