contains_categorical: false
dummy_loss: 5.705376055418164
dummy_metadata: {}
metadata:
  test: {}
  val: {}
model_name: XGBRegressor
params:
  early_stopping_rounds: 15
  learning_rate: 0.12525612687899845
  max_leaves: 32
  n_estimators: 51
  objective: reg:squarederror
  random_state: 0
  reg_alpha: 0.0002839146832614984
  reg_lambda: 0.016620800771337024
  verbosity: 0
test_score: 3.2871874092732245
train_time: 1.3572518825531006
val_score: 3.1465024156619923
