contains_categorical: postprocessed
dummy_loss: 1.7055356493273102
dummy_metadata:
  auc: 0.5
  zo_loss: 0.04731861198738174
metadata:
  n_epochs: 175
  test:
    auc: 0.9951434878587195
    zo_loss: 0.018927444794952675
  val:
    auc: 0.9815060908084163
    zo_loss: 0.01898734177215189
model_name: JOPLEn
params:
  Group21Norm_lam: 0.226769672009669
  cell_model: CellModel.linear
  loss_fn: LogisticLoss
  max_iters: 100000
  mu: 3.8225416838027755
  n_cells: 20
  n_partitions: 202
  partitioner: RFPartition
  random_state: 0
  verbose: false
test_score: 0.0410668758656624
train_time: 1.2140653133392334
val_score: 0.07173092809805412
