contains_categorical: postprocessed
dummy_loss: 15.44728002390735
dummy_metadata:
  auc: 0.5
  zo_loss: 0.4285714285714286
metadata:
  n_epochs: 202
  test:
    auc: 1.0
    zo_loss: 0.0714285714285714
  val:
    auc: 0.8901098901098902
    zo_loss: 0.18518518518518523
model_name: JOPLEn
params:
  SquaredFNorm_lam: 7.777857421415722
  SquaredLaplacian_lam: 1.0e-05
  SquaredLaplacian_laplacian_type: LaplacianType.STANDARD
  SquaredLaplacian_sigma: 1000.0
  cell_model: CellModel.linear
  loss_fn: LogisticLoss
  max_iters: 100000
  mu: 6.798110261388094
  n_cells: 2
  n_partitions: 249
  partitioner: GBPartition
  random_state: 0
  verbose: false
test_score: 0.2047128046715063
train_time: 0.7118253707885742
val_score: 0.44697909288425836
