contains_categorical: false
dummy_loss: 18.021826694558577
dummy_metadata:
  auc: 0.5
  zo_loss: 0.5
metadata:
  n_epochs: 1670
  test:
    auc: 0.9989846603360116
    zo_loss: 0.018918918918918948
  val:
    auc: 0.9982975533043192
    zo_loss: 0.021636240703177823
model_name: JOPLEn
params:
  L1Norm_lam: 0.00016567988449605359
  cell_model: CellModel.constant
  loss_fn: LogisticLoss
  max_iters: 100000
  mu: 1.0e-05
  n_cells: 2
  n_partitions: 1000
  partitioner: VPartition
  random_state: 0
  verbose: false
test_score: 0.04497364765815646
train_time: 7.429471254348755
val_score: 0.05604462416918096
