contains_categorical: false
dummy_loss: 13.27924072230632
dummy_metadata:
  auc: 0.5
  zo_loss: 0.368421052631579
metadata:
  n_epochs: 2599
  test:
    auc: 0.9788359788359788
    zo_loss: 0.03508771929824561
  val:
    auc: 0.9980347199475925
    zo_loss: 0.01754385964912286
model_name: JOPLEn
params:
  L1Norm_lam: 2.9587580349784176e-05
  cell_model: CellModel.constant
  loss_fn: LogisticLoss
  max_iters: 100000
  mu: 1.0e-05
  n_cells: 32
  n_partitions: 441
  partitioner: VPartition
  random_state: 0
  verbose: false
test_score: 0.12798327637397552
train_time: 8.326938390731812
val_score: 0.06518632292923615
