contains_categorical: postprocessed
dummy_loss: 10.813096016735146
dummy_metadata:
  auc: 0.5
  zo_loss: 0.30000000000000004
metadata:
  n_epochs: 351
  test:
    auc: 1.0
    zo_loss: 0.0
  val:
    auc: 1.0
    zo_loss: 0.0
model_name: JOPLEn
params:
  Group21Norm_lam: 1.7106322729751418
  SquaredFNorm_lam: 113.78430403410194
  cell_model: CellModel.linear
  loss_fn: LogisticLoss
  max_iters: 100000
  n_cells: 2
  n_partitions: 25
  partitioner: LinearForestPartition
  random_state: 0
  verbose: false
test_score: 0.01484816638396845
train_time: 1.133044958114624
val_score: 0.01242779016894487
