contains_categorical: false
dummy_loss: 18.021826694558577
dummy_metadata:
  auc: 0.5
  zo_loss: 0.5
metadata:
  n_epochs: 179
  test:
    auc: 0.9978889700511321
    zo_loss: 0.02297297297297296
  val:
    auc: 0.9969315729802875
    zo_loss: 0.026369168356997985
model_name: JOPLEn
params:
  SquaredFNorm_lam: 0.015467065450494321
  cell_model: CellModel.constant
  loss_fn: LogisticLoss
  max_iters: 100000
  mu: 2.472673075049701
  n_cells: 10
  n_partitions: 747
  partitioner: GBPartition
  random_state: 0
  verbose: false
test_score: 0.060233263643817446
train_time: 19.10399627685547
val_score: 0.06899988575267378
