contains_categorical: false
dummy_loss: 18.021826694558573
dummy_metadata:
  auc: 0.5
  zo_loss: 0.5
metadata:
  n_epochs: 118
  test:
    auc: 0.4805159903251814
    zo_loss: 0.5245901639344263
  val:
    auc: 0.6091113994945703
    zo_loss: 0.3801652892561983
model_name: JOPLEn
params:
  GroupInf1Norm_lam: 0.04403172197747713
  cell_model: CellModel.linear
  loss_fn: LogisticLoss
  max_iters: 100000
  mu: 6.309948557649705
  n_cells: 29
  n_partitions: 119
  partitioner: RFPartition
  random_state: 0
  verbose: false
test_score: 0.7311915963974387
train_time: 0.8972594738006592
val_score: 0.6767256411606344
