contains_categorical: postprocessed
dummy_loss: 16.193525435690322
dummy_metadata:
  auc: 0.5
  zo_loss: 0.4492753623188406
metadata:
  n_epochs: 105
  test:
    auc: 0.8769100169779287
    zo_loss: 0.23188405797101452
  val:
    auc: 0.8109431552054502
    zo_loss: 0.24637681159420288
model_name: JOPLEn
params:
  Group21Norm_lam: 32.280408168927295
  cell_model: CellModel.linear
  loss_fn: LogisticLoss
  max_iters: 100000
  mu: 0.2052166567426071
  n_cells: 32
  n_partitions: 51
  partitioner: RFPartition
  random_state: 0
  verbose: false
test_score: 0.4544188642802977
train_time: 0.3304469585418701
val_score: 0.5218306296097717
