contains_categorical: false
dummy_loss: 13.27924072230632
dummy_metadata:
  auc: 0.5
  zo_loss: 0.368421052631579
metadata:
  test:
    auc: 0.9629629629629629
    zo_loss: 0.08771929824561409
  val:
    auc: 0.9831313462168358
    zo_loss: 0.08771929824561409
model_name: ExtraTreesClassifier
params:
  criterion: log_loss
  max_depth: 5
  max_features: 1
  max_leaf_nodes: 29
  n_estimators: 10
  random_state: 0
test_score: 0.3338420062770777
train_time: 0.00794839859008789
val_score: 0.32259912029896815
