contains_categorical: postprocessed
dummy_loss: 5.118198781254636
dummy_metadata:
  auc: 0.5
  zo_loss: 0.14200000000000002
metadata:
  n_epochs: 125
  test:
    auc: 0.7657014347155192
    zo_loss: 0.118
  val:
    auc: 0.7932516655920911
    zo_loss: 0.10110110110110115
model_name: JOPLEn
params:
  SquaredFNorm_lam: 0.00037237380424532437
  cell_model: CellModel.constant
  loss_fn: LogisticLoss
  max_iters: 100000
  mu: 10.0
  n_cells: 29
  n_partitions: 23
  partitioner: GBPartition
  random_state: 0
  verbose: false
test_score: 0.3297150513279145
train_time: 0.5742182731628418
val_score: 0.30143849392399735
