contains_categorical: postprocessed
dummy_loss: 13.14091529811563
dummy_metadata:
  auc: 0.5
  zo_loss: 0.36458333333333337
metadata:
  n_epochs: 1820
  test:
    auc: 0.9840749414519907
    zo_loss: 0.05208333333333337
  val:
    auc: 0.9848002827854365
    zo_loss: 0.0625
model_name: JOPLEn
params:
  Group21Norm_lam: 1000.0
  cell_model: CellModel.linear
  loss_fn: LogisticLoss
  max_iters: 100000
  mu: 1.0e-05
  n_cells: 20
  n_partitions: 1000
  partitioner: RFPartition
  random_state: 0
  verbose: false
test_score: 0.1800082954351935
train_time: 10.842347621917725
val_score: 0.15968229091708477
