contains_categorical: false
dummy_loss: 16.961719241937484
dummy_metadata:
  auc: 0.5
  zo_loss: 0.47058823529411764
metadata:
  n_epochs: 715
  test:
    auc: 0.8333333333333333
    zo_loss: 0.17647058823529416
  val:
    auc: 0.8703703703703703
    zo_loss: 0.24242424242424243
model_name: JOPLEn
params:
  SquaredFNorm_lam: 1000.0
  cell_model: CellModel.linear
  loss_fn: LogisticLoss
  max_iters: 100000
  mu: 10.0
  n_cells: 2
  n_partitions: 267
  partitioner: LinearForestPartition
  random_state: 0
  verbose: false
test_score: 0.48485911879515103
train_time: 2.0104105472564697
val_score: 0.48452375291375716
