contains_categorical: postprocessed
dummy_loss: 16.19352543569032
dummy_metadata:
  auc: 0.5
  zo_loss: 0.4492753623188406
metadata:
  n_epochs: 108
  test:
    auc: 0.7894736842105263
    zo_loss: 0.28985507246376807
  val:
    auc: 0.8856717053438364
    zo_loss: 0.14492753623188404
model_name: JOPLEn
params:
  SquaredFNorm_lam: 1.0e-05
  cell_model: CellModel.linear
  loss_fn: LogisticLoss
  max_iters: 100000
  mu: 1.0
  n_cells: 2
  n_partitions: 10
  partitioner: VPartition
  random_state: 0
  verbose: false
test_score: 0.6065595731054791
train_time: 0.31649327278137207
val_score: 0.39411257941198763
