contains_categorical: postprocessed
dummy_loss: 16.277778949923874
dummy_metadata:
  auc: 0.5
  zo_loss: 0.4516129032258065
metadata:
  n_epochs: 123
  test:
    auc: 0.7352941176470589
    zo_loss: 0.3548387096774194
  val:
    auc: 0.8019480519480519
    zo_loss: 0.24590163934426235
model_name: JOPLEn
params:
  SquaredFNorm_lam: 0.000906243953962256
  SquaredLaplacian_lam: 1.0e-05
  SquaredLaplacian_laplacian_type: LaplacianType.LEFT_NORMALIZED
  SquaredLaplacian_sigma: 3.327939022582503
  cell_model: CellModel.constant
  loss_fn: LogisticLoss
  max_iters: 100000
  mu: 9.786159414202464
  n_cells: 2
  n_partitions: 560
  partitioner: VPartition
  random_state: 0
  verbose: false
test_score: 0.620362196946911
train_time: 0.6377506256103516
val_score: 0.5336073672550685
