contains_categorical: postprocessed
dummy_loss: 13.63813912020649
dummy_metadata:
  auc: 0.5
  zo_loss: 0.3783783783783784
metadata:
  n_epochs: 128
  test:
    auc: 0.639751552795031
    zo_loss: 0.29729729729729726
  val:
    auc: 0.6855791962174942
    zo_loss: 0.31081081081081086
model_name: JOPLEn
params:
  SquaredFNorm_lam: 0.0005087433206682257
  SquaredLaplacian_lam: 2.399711623063474e-05
  SquaredLaplacian_laplacian_type: LaplacianType.LEFT_NORMALIZED
  SquaredLaplacian_sigma: 13.49957869951692
  cell_model: CellModel.constant
  loss_fn: LogisticLoss
  max_iters: 100000
  mu: 8.525144763136067
  n_cells: 2
  n_partitions: 267
  partitioner: VPartition
  random_state: 0
  verbose: false
test_score: 0.6251791496099917
train_time: 0.5456302165985107
val_score: 0.6084790147452035
