contains_categorical: postprocessed
dummy_loss: 16.19352543569032
dummy_metadata:
  auc: 0.5
  zo_loss: 0.4492753623188406
metadata:
  n_epochs: 113
  test:
    auc: 0.8276740237691003
    zo_loss: 0.23188405797101452
  val:
    auc: 0.8988716201830956
    zo_loss: 0.1159420289855072
model_name: JOPLEn
params:
  L1Norm_lam: 1.0e-05
  cell_model: CellModel.constant
  loss_fn: LogisticLoss
  max_iters: 100000
  mu: 0.9692331602882447
  n_cells: 14
  n_partitions: 10
  partitioner: RFPartition
  random_state: 0
  verbose: false
test_score: 0.49712989732885443
train_time: 0.32023167610168457
val_score: 0.3604529873773908
