contains_categorical: postprocessed
dummy_loss: 5.118198781254636
dummy_metadata:
  auc: 0.5
  zo_loss: 0.14200000000000002
metadata:
  n_epochs: 120
  test:
    auc: 0.7364654125217506
    zo_loss: 0.10199999999999998
  val:
    auc: 0.7250243845988527
    zo_loss: 0.10710710710710714
model_name: JOPLEn
params:
  SquaredFNorm_lam: 0.008564814954727374
  SquaredLaplacian_lam: 4.090571398960533e-05
  SquaredLaplacian_laplacian_type: LaplacianType.NORMALIZED
  SquaredLaplacian_sigma: 8.426008901621571e-05
  cell_model: CellModel.constant
  loss_fn: LogisticLoss
  max_iters: 100000
  mu: 1.9399764684418916
  n_cells: 21
  n_partitions: 934
  partitioner: VPartition
  random_state: 0
  verbose: false
test_score: 0.32516978618480247
train_time: 5.608222007751465
val_score: 0.33039498079303625
