contains_categorical: postprocessed
dummy_loss: 13.216006242676288
dummy_metadata:
  auc: 0.5
  zo_loss: 0.3666666666666667
metadata:
  n_epochs: 151
  test:
    auc: 0.8277511961722488
    zo_loss: 0.16666666666666663
  val:
    auc: 0.843358395989975
    zo_loss: 0.2033898305084746
model_name: JOPLEn
params:
  SquaredFNorm_lam: 0.0026330168289934947
  cell_model: CellModel.constant
  loss_fn: LogisticLoss
  max_iters: 100000
  mu: 5.1874235641077755
  n_cells: 2
  n_partitions: 1000
  partitioner: LinearForestPartition
  random_state: 0
  verbose: false
test_score: 0.4934670293610893
train_time: 1.0531563758850098
val_score: 0.4789950779694095
