contains_categorical: false
dummy_loss: 17.163644471008165
dummy_metadata:
  auc: 0.5
  zo_loss: 0.47619047619047616
metadata:
  n_epochs: 123
  test:
    auc: 0.9363636363636363
    zo_loss: 0.09523809523809523
  val:
    auc: 0.9727272727272727
    zo_loss: 0.0714285714285714
model_name: JOPLEn
params:
  SquaredFNorm_lam: 1.0e-05
  SquaredLaplacian_lam: 0.0001284132430686338
  SquaredLaplacian_laplacian_type: LaplacianType.STANDARD
  SquaredLaplacian_sigma: 1.0e-05
  cell_model: CellModel.constant
  loss_fn: LogisticLoss
  max_iters: 100000
  mu: 5.135382648363134
  n_cells: 28
  n_partitions: 18
  partitioner: VPartition
  random_state: 0
  verbose: false
test_score: 0.3032298360313833
train_time: 0.4176974296569824
val_score: 0.22551450862104655
