contains_categorical: postprocessed
dummy_loss: 12.014551129705717
dummy_metadata:
  auc: 0.5
  zo_loss: 0.33333333333333337
metadata:
  test:
    auc: 0.828125
    zo_loss: 0.16666666666666663
  val:
    auc: 0.9375
    zo_loss: 0.04166666666666663
model_name: CatBoostClassifier
params:
  allow_writing_files: false
  grow_policy: SymmetricTree
  iterations: 554
  l2_leaf_reg: 0.09672170087187104
  learning_rate: 0.8124571511949229
  max_depth: 3
  od_type: Iter
  od_wait: 54
  random_seed: 0
  subsample: 1.0
test_score: 0.38994229661746055
train_time: 0.014941930770874023
val_score: 0.3193861620393212
