contains_categorical: postprocessed
dummy_loss: 11.15636890615531
dummy_metadata:
  auc: 0.5
  zo_loss: 0.30952380952380953
metadata:
  n_epochs: 114
  test:
    auc: 0.6194694960212201
    zo_loss: 0.2857142857142857
  val:
    auc: 0.6391621546048452
    zo_loss: 0.2666666666666667
model_name: JOPLEn
params:
  SquaredFNorm_lam: 0.1593664389719013
  cell_model: CellModel.linear
  loss_fn: LogisticLoss
  max_iters: 100000
  mu: 8.479542986786642
  n_cells: 2
  n_partitions: 354
  partitioner: GBPartition
  random_state: 0
  verbose: false
test_score: 0.585279037602708
train_time: 0.7623014450073242
val_score: 0.5867975878670678
