contains_categorical: postprocessed
dummy_loss: 6.007275564852859
dummy_metadata:
  auc: 0.5
  zo_loss: 0.16666666666666663
metadata:
  n_epochs: 114
  test:
    auc: 0.5333333333333333
    zo_loss: 0.2222222222222222
  val:
    auc: 0.7612903225806452
    zo_loss: 0.13888888888888884
model_name: JOPLEn
params:
  L1Norm_lam: 1.0e-05
  cell_model: CellModel.constant
  loss_fn: LogisticLoss
  max_iters: 100000
  mu: 6.068193534863603
  n_cells: 9
  n_partitions: 1000
  partitioner: VPartition
  random_state: 0
  verbose: false
test_score: 0.49428896460606975
train_time: 0.7188453674316406
val_score: 0.360765640755903
