contains_categorical: false
dummy_loss: 18.021826694558577
dummy_metadata:
  auc: 0.5
  zo_loss: 0.5
metadata:
  n_epochs: 42
  test:
    auc: 0.7777777777777778
    zo_loss: 0.5
  val:
    auc: 0.9
    zo_loss: 0.09090909090909094
model_name: JOPLEn
params:
  Group21Norm_lam: 0.012140896135726723
  cell_model: CellModel.linear
  loss_fn: LogisticLoss
  max_iters: 100000
  mu: 7.157289150187989
  n_cells: 2
  n_partitions: 693
  partitioner: RFPartition
  random_state: 0
  verbose: false
test_score: 0.6582894924324715
train_time: 0.5679042339324951
val_score: 0.3106830338425269
