contains_categorical: postprocessed
dummy_loss: 21.626192033470293
dummy_metadata:
  auc: 0.5
  zo_loss: 0.6
metadata:
  n_epochs: 110
  test:
    auc: 0.3333333333333333
    zo_loss: 0.6
  val:
    auc: 0.64
    zo_loss: 0.4
model_name: JOPLEn
params:
  GroupInf1Norm_lam: 0.0002770478624665545
  SquaredFNorm_lam: 40.254702376292784
  cell_model: CellModel.linear
  loss_fn: LogisticLoss
  max_iters: 100000
  n_cells: 16
  n_partitions: 1000
  partitioner: LinearForestPartition
  random_state: 0
  verbose: false
test_score: 0.7418586008344865
train_time: 1.3721199035644531
val_score: 0.6739277389710709
