contains_categorical: false
dummy_loss: 1.0019897627086378
dummy_metadata: {}
metadata:
  test: {}
  val: {}
model_name: XGBRegressor
params:
  early_stopping_rounds: 41
  learning_rate: 0.15861458375380172
  max_leaves: 26
  n_estimators: 143
  objective: reg:squarederror
  random_state: 0
  reg_alpha: 1.4666639740252185
  reg_lambda: 1.0e-05
  verbosity: 0
test_score: 0.36953152696873476
train_time: 0.38240790367126465
val_score: 0.32069671562830565
