contains_categorical: postprocessed
dummy_loss: 16.277778949923874
dummy_metadata:
  auc: 0.5
  zo_loss: 0.4516129032258065
metadata:
  n_epochs: 126
  test:
    auc: 0.8235294117647058
    zo_loss: 0.25806451612903225
  val:
    auc: 0.7521645021645021
    zo_loss: 0.3278688524590164
model_name: JOPLEn
params:
  GroupInf1Norm_lam: 0.00030071005411732514
  SquaredFNorm_lam: 1.0e-05
  cell_model: CellModel.linear
  loss_fn: LogisticLoss
  max_iters: 100000
  n_cells: 16
  n_partitions: 461
  partitioner: LinearForestPartition
  random_state: 0
  verbose: false
test_score: 0.5539996334212787
train_time: 0.8562345504760742
val_score: 0.6013801353174417
