contains_categorical: postprocessed
dummy_loss: 1.7055356493273102
dummy_metadata:
  auc: 0.5
  zo_loss: 0.04731861198738174
metadata:
  n_epochs: 145
  test:
    auc: 0.9951434878587198
    zo_loss: 0.012618296529968487
  val:
    auc: 0.9812292358803986
    zo_loss: 0.014240506329113889
model_name: JOPLEn
params:
  SquaredFNorm_lam: 0.0035273050866204444
  cell_model: CellModel.constant
  loss_fn: LogisticLoss
  max_iters: 100000
  mu: 3.287961604553303
  n_cells: 18
  n_partitions: 85
  partitioner: GBPartition
  random_state: 0
  verbose: false
test_score: 0.041565404271201256
train_time: 0.616295337677002
val_score: 0.06323592735267931
