contains_categorical: postprocessed
dummy_loss: 13.21600624267629
dummy_metadata:
  auc: 0.5
  zo_loss: 0.3666666666666667
metadata:
  n_epochs: 147
  test:
    auc: 0.8660287081339714
    zo_loss: 0.16666666666666663
  val:
    auc: 0.8571428571428571
    zo_loss: 0.2033898305084746
model_name: JOPLEn
params:
  Group21Norm_lam: 7.9778965398797625
  cell_model: CellModel.linear
  loss_fn: LogisticLoss
  max_iters: 100000
  mu: 5.180064183168035
  n_cells: 2
  n_partitions: 1000
  partitioner: VPartition
  random_state: 0
  verbose: false
test_score: 0.4354438824195889
train_time: 0.808032751083374
val_score: 0.47236098109590147
