contains_categorical: postprocessed
dummy_loss: 2.1633525431921794
dummy_metadata:
  auc: 0.5
  zo_loss: 0.0600203458799593
metadata:
  n_epochs: 193
  test:
    auc: 0.646755081077115
    zo_loss: 0.0600203458799593
  val:
    auc: 0.6448037336444704
    zo_loss: 0.05960264900662249
model_name: JOPLEn
params:
  SquaredFNorm_lam: 0.0034222408095739942
  cell_model: CellModel.linear
  loss_fn: LogisticLoss
  max_iters: 100000
  mu: 10.0
  n_cells: 32
  n_partitions: 183
  partitioner: LinearForestPartition
  random_state: 0
  verbose: false
test_score: 0.22033649498611876
train_time: 3.284381151199341
val_score: 0.21784350229705834
