contains_categorical: postprocessed
dummy_loss: 6.007275564852859
dummy_metadata:
  auc: 0.5
  zo_loss: 0.16666666666666663
metadata:
  n_epochs: 138
  test:
    auc: 0.711111111111111
    zo_loss: 0.16666666666666663
  val:
    auc: 0.8645161290322582
    zo_loss: 0.16666666666666663
model_name: JOPLEn
params:
  SquaredFNorm_lam: 1.6381550973403824
  cell_model: CellModel.linear
  loss_fn: LogisticLoss
  max_iters: 100000
  mu: 1.0
  n_cells: 7
  n_partitions: 10
  partitioner: VPartition
  random_state: 0
  verbose: false
test_score: 0.41701391446186287
train_time: 0.6506819725036621
val_score: 0.3016185024888329
