contains_categorical: false
dummy_loss: 10.2981866826049
dummy_metadata:
  auc: 0.5
  zo_loss: 0.2857142857142857
metadata:
  n_epochs: 128
  test:
    auc: 0.9199999999999999
    zo_loss: 0.1428571428571429
  val:
    auc: 0.9721362229102167
    zo_loss: 0.12857142857142856
model_name: JOPLEn
params:
  SquaredFNorm_lam: 0.006313206353264331
  cell_model: CellModel.constant
  loss_fn: LogisticLoss
  max_iters: 100000
  mu: 10.0
  n_cells: 29
  n_partitions: 244
  partitioner: RFPartition
  random_state: 0
  verbose: false
test_score: 0.41156436584759887
train_time: 0.595731258392334
val_score: 0.20603556869735365
