contains_categorical: false
dummy_loss: 13.27924072230632
dummy_metadata:
  auc: 0.5
  zo_loss: 0.368421052631579
metadata:
  n_epochs: 115
  test:
    auc: 0.98015873015873
    zo_loss: 0.01754385964912286
  val:
    auc: 0.9980347199475925
    zo_loss: 0.02631578947368418
model_name: JOPLEn
params:
  GroupInf1Norm_lam: 1000.0
  cell_model: CellModel.linear
  loss_fn: LogisticLoss
  max_iters: 100000
  mu: 4.406179415776545
  n_cells: 32
  n_partitions: 1000
  partitioner: VPartition
  random_state: 0
  verbose: false
test_score: 0.12123036574086272
train_time: 1.5870678424835205
val_score: 0.0635735065566322
