contains_categorical: postprocessed
dummy_loss: 5.118198781254636
dummy_metadata:
  auc: 0.5
  zo_loss: 0.14200000000000002
metadata:
  n_epochs: 131
  test:
    auc: 0.7847434255884961
    zo_loss: 0.10799999999999998
  val:
    auc: 0.7964588602886475
    zo_loss: 0.10010010010010006
model_name: JOPLEn
params:
  L1Norm_lam: 3.5504575743757876e-05
  cell_model: CellModel.constant
  loss_fn: LogisticLoss
  max_iters: 100000
  mu: 4.445399904939012
  n_cells: 16
  n_partitions: 78
  partitioner: RFPartition
  random_state: 0
  verbose: false
test_score: 0.30949021580236846
train_time: 0.6962890625
val_score: 0.2950992116626692
