contains_categorical: false
dummy_loss: 21.626192033470293
dummy_metadata:
  auc: 0.5
  zo_loss: 0.6
metadata:
  n_epochs: 112
  test:
    auc: 1.0
    zo_loss: 0.0
  val:
    auc: 0.8400000000000001
    zo_loss: 0.30000000000000004
model_name: JOPLEn
params:
  SquaredFNorm_lam: 0.11887435186518373
  cell_model: CellModel.constant
  loss_fn: LogisticLoss
  max_iters: 100000
  mu: 10.0
  n_cells: 30
  n_partitions: 10
  partitioner: RFPartition
  random_state: 0
  verbose: false
test_score: 0.18868146769182167
train_time: 0.3454275131225586
val_score: 0.5152862556101181
