contains_categorical: postprocessed
dummy_loss: 16.01940150627429
dummy_metadata:
  auc: 0.5
  zo_loss: 0.4444444444444444
metadata:
  n_epochs: 128
  test:
    auc: 0.8777777777777778
    zo_loss: 0.2222222222222222
  val:
    auc: 0.8458333333333334
    zo_loss: 0.2592592592592593
model_name: JOPLEn
params:
  SquaredFNorm_lam: 0.03630516965789342
  cell_model: CellModel.constant
  loss_fn: LogisticLoss
  max_iters: 100000
  mu: 10.0
  n_cells: 2
  n_partitions: 386
  partitioner: VPartition
  random_state: 0
  verbose: false
test_score: 0.4901922580639603
train_time: 0.498746395111084
val_score: 0.4700617479596535
