contains_categorical: false
dummy_loss: 10.2981866826049
dummy_metadata:
  auc: 0.5
  zo_loss: 0.2857142857142857
metadata:
  n_epochs: 537
  test:
    auc: 0.828
    zo_loss: 0.19999999999999996
  val:
    auc: 0.9700722394220846
    zo_loss: 0.09999999999999998
model_name: JOPLEn
params:
  SquaredFNorm_lam: 76.78350581881965
  cell_model: CellModel.linear
  loss_fn: LogisticLoss
  max_iters: 100000
  mu: 7.303109610236775
  n_cells: 2
  n_partitions: 101
  partitioner: GBPartition
  random_state: 0
  verbose: false
test_score: 0.9269670270256913
train_time: 1.5155246257781982
val_score: 0.18948831565905183
