contains_categorical: postprocessed
dummy_loss: 13.63813912020649
dummy_metadata:
  auc: 0.5
  zo_loss: 0.3783783783783784
metadata:
  n_epochs: 131
  test:
    auc: 0.6024844720496894
    zo_loss: 0.32432432432432434
  val:
    auc: 0.7068557919621749
    zo_loss: 0.32432432432432434
model_name: JOPLEn
params:
  Group21Norm_lam: 136.45895560084998
  cell_model: CellModel.linear
  loss_fn: LogisticLoss
  max_iters: 100000
  mu: 1.7971986487942366
  n_cells: 4
  n_partitions: 1000
  partitioner: VPartition
  random_state: 0
  verbose: false
test_score: 0.6526724605943859
train_time: 0.8757572174072266
val_score: 0.5910530696697524
