contains_categorical: postprocessed
dummy_loss: 13.14091529811563
dummy_metadata:
  auc: 0.5
  zo_loss: 0.36458333333333337
metadata:
  n_epochs: 127
  test:
    auc: 0.9845433255269321
    zo_loss: 0.04166666666666663
  val:
    auc: 0.9842111464592908
    zo_loss: 0.06770833333333337
model_name: JOPLEn
params:
  SquaredFNorm_lam: 0.12425888067904936
  cell_model: CellModel.constant
  loss_fn: LogisticLoss
  max_iters: 100000
  mu: 8.930271152283485
  n_cells: 18
  n_partitions: 654
  partitioner: RFPartition
  random_state: 0
  verbose: false
test_score: 0.16135550451727523
train_time: 1.4032917022705078
val_score: 0.14600507760568893
