contains_categorical: postprocessed
dummy_loss: 13.14091529811563
dummy_metadata:
  auc: 0.5
  zo_loss: 0.36458333333333337
metadata:
  n_epochs: 868
  test:
    auc: 0.9854800936768149
    zo_loss: 0.0625
  val:
    auc: 0.983739837398374
    zo_loss: 0.05729166666666663
model_name: JOPLEn
params:
  SquaredFNorm_lam: 0.08148972039420126
  SquaredLaplacian_lam: 3.055612899428311e-05
  SquaredLaplacian_laplacian_type: LaplacianType.NORMALIZED
  SquaredLaplacian_sigma: 2.8620781293990957e-05
  cell_model: CellModel.linear
  loss_fn: LogisticLoss
  max_iters: 100000
  mu: 1.0e-05
  n_cells: 31
  n_partitions: 67
  partitioner: GBPartition
  random_state: 0
  verbose: false
test_score: 0.15968069010696118
train_time: 3.163276195526123
val_score: 0.15710097958312763
