contains_categorical: postprocessed
dummy_loss: 10.813096016735146
dummy_metadata:
  auc: 0.5
  zo_loss: 0.30000000000000004
metadata:
  n_epochs: 134
  test:
    auc: 0.5642857142857143
    zo_loss: 0.31999999999999995
  val:
    auc: 0.6748809523809524
    zo_loss: 0.29000000000000004
model_name: JOPLEn
params:
  SquaredFNorm_lam: 7.395751670359081e-05
  cell_model: CellModel.linear
  loss_fn: LogisticLoss
  max_iters: 100000
  mu: 1.0
  n_cells: 2
  n_partitions: 1000
  partitioner: VPartition
  random_state: 0
  verbose: false
test_score: 0.6429853197056045
train_time: 1.1460752487182617
val_score: 0.5679886665749732
