contains_categorical: postprocessed
dummy_loss: 17.336333900041623
dummy_metadata:
  auc: 0.5
  zo_loss: 0.48098159509202454
metadata:
  n_epochs: 340
  test:
    auc: 0.8812780431321464
    zo_loss: 0.19263803680981595
  val:
    auc: 0.8809570231320895
    zo_loss: 0.19533169533169537
model_name: JOPLEn
params:
  SquaredFNorm_lam: 0.00029220851253821013
  SquaredLaplacian_lam: 0.00012531723004981406
  SquaredLaplacian_laplacian_type: LaplacianType.NORMALIZED
  SquaredLaplacian_sigma: 0.8256190820406287
  cell_model: CellModel.constant
  loss_fn: LogisticLoss
  max_iters: 100000
  mu: 4.628889793780677
  n_cells: 19
  n_partitions: 103
  partitioner: VPartition
  random_state: 0
  verbose: false
test_score: 0.4114213435577732
train_time: 2.5600290298461914
val_score: 0.40396300088992876
