contains_categorical: postprocessed
dummy_loss: 13.01576372384786
dummy_metadata:
  auc: 0.5
  zo_loss: 0.36111111111111116
metadata:
  test:
    auc: 0.8160535117056855
    zo_loss: 0.2222222222222222
  val:
    auc: 0.9528888888888889
    zo_loss: 0.08571428571428574
model_name: LogisticRegression
params:
  C: 0.1913927962727039
  penalty: l2
  random_state: 0
test_score: 0.49084817150381643
train_time: 0.004428386688232422
val_score: 0.23901629936683128
