contains_categorical: postprocessed
dummy_loss: 16.277778949923874
dummy_metadata:
  auc: 0.5
  zo_loss: 0.4516129032258065
metadata:
  n_epochs: 121
  test:
    auc: 0.7815126050420168
    zo_loss: 0.25806451612903225
  val:
    auc: 0.7987012987012987
    zo_loss: 0.21311475409836067
model_name: JOPLEn
params:
  SquaredFNorm_lam: 0.11958473398256889
  cell_model: CellModel.constant
  loss_fn: LogisticLoss
  max_iters: 100000
  mu: 9.074725890975857
  n_cells: 2
  n_partitions: 1000
  partitioner: GBPartition
  random_state: 0
  verbose: false
test_score: 0.5689829034400149
train_time: 0.7521319389343262
val_score: 0.5523872111625873
