contains_categorical: false
dummy_loss: 15.769098357738756
dummy_metadata:
  auc: 0.5
  zo_loss: 0.4375
metadata:
  n_epochs: 1114
  test:
    auc: 1.0
    zo_loss: 0.0
  val:
    auc: 1.0
    zo_loss: 0.0
model_name: JOPLEn
params:
  SquaredFNorm_lam: 0.33784984637149706
  SquaredLaplacian_lam: 6.563115469069546e-05
  SquaredLaplacian_laplacian_type: LaplacianType.LEFT_NORMALIZED
  SquaredLaplacian_sigma: 1.2421857499546216
  cell_model: CellModel.linear
  loss_fn: LogisticLoss
  max_iters: 100000
  mu: 9.400107783312908
  n_cells: 7
  n_partitions: 111
  partitioner: GBPartition
  random_state: 0
  verbose: false
test_score: 2.7176503913605493e-05
train_time: 3.94551420211792
val_score: 2.730130895124604e-05
