contains_categorical: postprocessed
dummy_loss: 17.336333900041623
dummy_metadata:
  auc: 0.5
  zo_loss: 0.48098159509202454
metadata:
  n_epochs: 157
  test:
    auc: 0.8816640131229797
    zo_loss: 0.19263803680981595
  val:
    auc: 0.88019829664392
    zo_loss: 0.19533169533169537
model_name: JOPLEn
params:
  L1Norm_lam: 1.0e-05
  cell_model: CellModel.constant
  loss_fn: LogisticLoss
  max_iters: 100000
  mu: 2.446537765124478
  n_cells: 29
  n_partitions: 381
  partitioner: RFPartition
  random_state: 0
  verbose: false
test_score: 0.4108676012525612
train_time: 4.492243766784668
val_score: 0.40368053666795845
