contains_categorical: postprocessed
dummy_loss: 12.191235705142565
dummy_metadata:
  auc: 0.5
  zo_loss: 0.3382352941176471
metadata:
  n_epochs: 104
  test:
    auc: 0.6270531400966184
    zo_loss: 0.3529411764705882
  val:
    auc: 0.7017283950617283
    zo_loss: 0.2962962962962963
model_name: JOPLEn
params:
  SquaredFNorm_lam: 2.4770367889283888e-05
  SquaredLaplacian_lam: 0.003604670922554818
  SquaredLaplacian_laplacian_type: LaplacianType.STANDARD
  SquaredLaplacian_sigma: 1.783193629720502
  cell_model: CellModel.linear
  loss_fn: LogisticLoss
  max_iters: 100000
  mu: 1.0
  n_cells: 6
  n_partitions: 10
  partitioner: VPartition
  random_state: 0
  verbose: false
test_score: 0.63911584906037
train_time: 0.34920334815979004
val_score: 0.5803481911417175
