contains_categorical: postprocessed
dummy_loss: 10.813096016735146
dummy_metadata:
  auc: 0.5
  zo_loss: 0.30000000000000004
metadata:
  n_epochs: 123
  test:
    auc: 0.5952380952380952
    zo_loss: 0.32999999999999996
  val:
    auc: 0.6872619047619049
    zo_loss: 0.29500000000000004
model_name: JOPLEn
params:
  SquaredFNorm_lam: 0.0013979616706759233
  SquaredLaplacian_lam: 0.0028710317006958243
  SquaredLaplacian_laplacian_type: LaplacianType.LEFT_NORMALIZED
  SquaredLaplacian_sigma: 0.15459116590295832
  cell_model: CellModel.linear
  loss_fn: LogisticLoss
  max_iters: 100000
  mu: 8.824489764575828
  n_cells: 10
  n_partitions: 241
  partitioner: GBPartition
  random_state: 0
  verbose: false
test_score: 0.6453792783247251
train_time: 0.8027677536010742
val_score: 0.5622480404764271
