contains_categorical: false
dummy_loss: 18.021826694558573
dummy_metadata:
  auc: 0.5
  zo_loss: 0.5
metadata:
  n_epochs: 209
  test:
    auc: 0.5326525127653856
    zo_loss: 0.48360655737704916
  val:
    auc: 0.579058807458507
    zo_loss: 0.4504132231404959
model_name: JOPLEn
params:
  GroupInf1Norm_lam: 0.00020381892753539306
  SquaredFNorm_lam: 1.315014920985541
  cell_model: CellModel.linear
  loss_fn: LogisticLoss
  max_iters: 100000
  n_cells: 32
  n_partitions: 65
  partitioner: LinearForestPartition
  random_state: 0
  verbose: false
test_score: 0.6940575465336745
train_time: 2.991940498352051
val_score: 0.685766761132995
