contains_categorical: postprocessed
dummy_loss: 16.193525435690322
dummy_metadata:
  auc: 0.5
  zo_loss: 0.4492753623188406
metadata:
  n_epochs: 393
  test:
    auc: 0.8552631578947368
    zo_loss: 0.23188405797101452
  val:
    auc: 0.8233979135618481
    zo_loss: 0.21739130434782605
model_name: JOPLEn
params:
  GroupInf1Norm_lam: 0.0007004527068161035
  SquaredFNorm_lam: 1.0e-05
  cell_model: CellModel.linear
  loss_fn: LogisticLoss
  max_iters: 100000
  n_cells: 4
  n_partitions: 30
  partitioner: LinearForestPartition
  random_state: 0
  verbose: false
test_score: 0.48133618554886914
train_time: 1.4295718669891357
val_score: 0.5114713869514521
