contains_categorical: false
dummy_loss: 1.030532845347628
dummy_metadata: {}
metadata:
  test: {}
  val: {}
model_name: MultiTaskTrees
params:
  alpha: 10.0
  batch_size: 16
  depth: 3
  epochs: 10000
  learning_rate: 0.1961065694408827
  loss_criteria: mse
  num_tasks: 1
  num_trees: 1
  power: 100.0
test_score: 3.5490025391461093
train_time: 9.652361154556274
val_score: 3.376614835827958
