contains_categorical: postprocessed
dummy_loss: 11.185961396622565
dummy_metadata:
  auc: 0.5
  zo_loss: 0.31034482758620685
metadata:
  n_epochs: 116
  test:
    auc: 0.6888888888888889
    zo_loss: 0.31034482758620685
  val:
    auc: 0.5975609756097561
    zo_loss: 0.2931034482758621
model_name: JOPLEn
params:
  SquaredFNorm_lam: 207.9707015166545
  cell_model: CellModel.linear
  loss_fn: LogisticLoss
  max_iters: 100000
  mu: 6.5990634428376325
  n_cells: 2
  n_partitions: 1000
  partitioner: GBPartition
  random_state: 0
  verbose: false
test_score: 0.5860305973745739
train_time: 0.6413350105285645
val_score: 0.5948258297078297
