contains_categorical: postprocessed
dummy_loss: 5.118198781254636
dummy_metadata:
  auc: 0.5
  zo_loss: 0.14200000000000002
metadata:
  n_epochs: 119
  test:
    auc: 0.7279950096851505
    zo_loss: 0.09999999999999998
  val:
    auc: 0.7316206252376463
    zo_loss: 0.10610610610610616
model_name: JOPLEn
params:
  GroupInf1Norm_lam: 0.004262822493419397
  cell_model: CellModel.linear
  loss_fn: LogisticLoss
  max_iters: 100000
  mu: 10.0
  n_cells: 32
  n_partitions: 571
  partitioner: VPartition
  random_state: 0
  verbose: false
test_score: 0.32844775478210214
train_time: 3.763495922088623
val_score: 0.32762162155822816
