contains_categorical: postprocessed
dummy_loss: 16.19352543569032
dummy_metadata:
  auc: 0.5
  zo_loss: 0.4492753623188406
metadata:
  n_epochs: 2031
  test:
    auc: 0.870118845500849
    zo_loss: 0.21739130434782605
  val:
    auc: 0.8769427294017458
    zo_loss: 0.16666666666666663
model_name: JOPLEn
params:
  SquaredFNorm_lam: 0.0015343709576627297
  cell_model: CellModel.constant
  loss_fn: LogisticLoss
  max_iters: 100000
  mu: 1.0e-05
  n_cells: 12
  n_partitions: 167
  partitioner: RFPartition
  random_state: 0
  verbose: false
test_score: 0.4469388727983056
train_time: 5.4592835903167725
val_score: 0.42714112817124994
