contains_categorical: postprocessed
dummy_loss: 12.014551129705717
dummy_metadata:
  auc: 0.5
  zo_loss: 0.33333333333333337
metadata:
  n_epochs: 111
  test:
    auc: 1.0
    zo_loss: 0.16666666666666663
  val:
    auc: 1.0
    zo_loss: 0.08333333333333337
model_name: JOPLEn
params:
  SquaredFNorm_lam: 0.004615075056111455
  cell_model: CellModel.constant
  loss_fn: LogisticLoss
  max_iters: 100000
  mu: 10.0
  n_cells: 22
  n_partitions: 826
  partitioner: GBPartition
  random_state: 0
  verbose: false
test_score: 0.2304059913490846
train_time: 0.5332691669464111
val_score: 0.18668518149942612
