contains_categorical: false
dummy_loss: 18.021826694558577
dummy_metadata:
  auc: 0.5
  zo_loss: 0.5
metadata:
  n_epochs: 111
  test:
    auc: 0.7777777777777778
    zo_loss: 0.5
  val:
    auc: 0.9
    zo_loss: 0.18181818181818177
model_name: JOPLEn
params:
  SquaredFNorm_lam: 0.0002981133322747628
  cell_model: CellModel.linear
  loss_fn: LogisticLoss
  max_iters: 100000
  mu: 2.9088248282478992
  n_cells: 21
  n_partitions: 927
  partitioner: GBPartition
  random_state: 0
  verbose: false
test_score: 0.815653708783212
train_time: 0.5281860828399658
val_score: 0.3308738683674917
