contains_categorical: false
dummy_loss: 17.506917360428332
dummy_metadata:
  auc: 0.5
  zo_loss: 0.48571428571428577
metadata:
  n_epochs: 106
  test:
    auc: 0.6699346405228759
    zo_loss: 0.37142857142857144
  val:
    auc: 0.5894957983193276
    zo_loss: 0.4782608695652174
model_name: JOPLEn
params:
  SquaredFNorm_lam: 0.918898407226573
  cell_model: CellModel.constant
  loss_fn: LogisticLoss
  max_iters: 100000
  mu: 9.142306537581588
  n_cells: 8
  n_partitions: 69
  partitioner: LinearForestPartition
  random_state: 0
  verbose: false
test_score: 0.6565522806650194
train_time: 0.3919713497161865
val_score: 0.6786074552593759
