contains_categorical: postprocessed
dummy_loss: 13.216006242676288
dummy_metadata:
  auc: 0.5
  zo_loss: 0.3666666666666667
metadata:
  test:
    auc: 0.8851674641148326
    zo_loss: 0.2666666666666667
  val:
    auc: 0.8233082706766917
    zo_loss: 0.288135593220339
model_name: ExtraTreesClassifier
params:
  criterion: log_loss
  max_depth: 5
  max_features: 1
  max_leaf_nodes: 28
  n_estimators: 10
  random_state: 0
test_score: 0.49677647864904145
train_time: 0.0077745914459228516
val_score: 0.5326881560688684
