contains_categorical: false
dummy_loss: 6.553391525294028
dummy_metadata:
  auc: 0.5
  zo_loss: 0.18181818181818177
metadata:
  n_epochs: 122
  test:
    auc: 0.8333333333333334
    zo_loss: 0.2727272727272727
  val:
    auc: 0.9722222222222222
    zo_loss: 0.045454545454545414
model_name: JOPLEn
params:
  SquaredFNorm_lam: 1.0e-05
  SquaredLaplacian_lam: 0.01818278166953623
  SquaredLaplacian_laplacian_type: LaplacianType.STANDARD
  SquaredLaplacian_sigma: 50.463646634864816
  cell_model: CellModel.constant
  loss_fn: LogisticLoss
  max_iters: 100000
  mu: 4.763679221139459
  n_cells: 2
  n_partitions: 24
  partitioner: VPartition
  random_state: 0
  verbose: false
test_score: 0.5285080829323564
train_time: 0.3917675018310547
val_score: 0.19177898230984436
