contains_categorical: postprocessed
dummy_loss: 11.185961396622565
dummy_metadata:
  auc: 0.5
  zo_loss: 0.31034482758620685
metadata:
  n_epochs: 114
  test:
    auc: 0.6888888888888889
    zo_loss: 0.31034482758620685
  val:
    auc: 0.5595408895265424
    zo_loss: 0.2931034482758621
model_name: JOPLEn
params:
  SquaredFNorm_lam: 0.09083421529275602
  cell_model: CellModel.constant
  loss_fn: LogisticLoss
  max_iters: 100000
  mu: 5.774605840220061
  n_cells: 2
  n_partitions: 457
  partitioner: LinearForestPartition
  random_state: 0
  verbose: false
test_score: 0.5970324683517831
train_time: 0.5761570930480957
val_score: 0.5975734261953791
