contains_categorical: postprocessed
dummy_loss: 11.15636890615531
dummy_metadata:
  auc: 0.5
  zo_loss: 0.30952380952380953
metadata:
  n_epochs: 117
  test:
    auc: 0.6086472148541113
    zo_loss: 0.28095238095238095
  val:
    auc: 0.6406365184676784
    zo_loss: 0.29761904761904767
model_name: JOPLEn
params:
  SquaredFNorm_lam: 0.0003861788321783478
  cell_model: CellModel.linear
  loss_fn: LogisticLoss
  max_iters: 100000
  mu: 10.0
  n_cells: 2
  n_partitions: 200
  partitioner: RFPartition
  random_state: 0
  verbose: false
test_score: 0.5941517414009974
train_time: 0.6227319240570068
val_score: 0.5873265264290644
