contains_categorical: postprocessed
dummy_loss: 7.20873067782343
dummy_metadata:
  auc: 0.5
  zo_loss: 0.19999999999999996
metadata:
  n_epochs: 778
  test:
    auc: 0.9375
    zo_loss: 0.19999999999999996
  val:
    auc: 0.9066666666666667
    zo_loss: 0.09999999999999998
model_name: JOPLEn
params:
  L1Norm_lam: 0.0006464424584422041
  cell_model: CellModel.constant
  loss_fn: LogisticLoss
  max_iters: 100000
  mu: 1.0e-05
  n_cells: 11
  n_partitions: 649
  partitioner: VPartition
  random_state: 0
  verbose: false
test_score: 0.3418825194347329
train_time: 2.223034143447876
val_score: 0.35559748238627453
