contains_categorical: false
dummy_loss: 139.40895072893727
dummy_metadata: {}
metadata:
  test: {}
  val: {}
model_name: XGBRegressor
params:
  early_stopping_rounds: 100
  learning_rate: 0.23336845359644529
  max_leaves: 27
  n_estimators: 31
  objective: reg:squarederror
  random_state: 0
  reg_alpha: 0.0003830059446342534
  reg_lambda: 2.612511776986104
  verbosity: 0
test_score: 29.889734257471307
train_time: 0.33246946334838867
val_score: 42.34758370875473
