contains_categorical: false
dummy_loss: 6.553391525294028
dummy_metadata:
  auc: 0.5
  zo_loss: 0.18181818181818177
metadata:
  n_epochs: 140
  test:
    auc: 0.75
    zo_loss: 0.09090909090909094
  val:
    auc: 0.9652777777777778
    zo_loss: 0.045454545454545414
model_name: JOPLEn
params:
  Group21Norm_lam: 4.188368848572592
  cell_model: CellModel.linear
  loss_fn: LogisticLoss
  max_iters: 100000
  mu: 1.0
  n_cells: 2
  n_partitions: 10
  partitioner: VPartition
  random_state: 0
  verbose: false
test_score: 0.36162660969611865
train_time: 0.37859010696411133
val_score: 0.20723896417980983
