contains_categorical: postprocessed
dummy_loss: 13.21600624267629
dummy_metadata:
  auc: 0.5
  zo_loss: 0.3666666666666667
metadata:
  test:
    auc: 0.8516746411483254
    zo_loss: 0.16666666666666663
  val:
    auc: 0.8145363408521304
    zo_loss: 0.2033898305084746
model_name: LogisticRegression
params:
  C: 0.2257324948452488
  penalty: l2
  random_state: 0
test_score: 0.42836737848795003
train_time: 0.00554966926574707
val_score: 0.502948955610266
