contains_categorical: postprocessed
dummy_loss: 11.15636890615531
dummy_metadata:
  auc: 0.5
  zo_loss: 0.30952380952380953
metadata:
  n_epochs: 114
  test:
    auc: 0.6527320954907161
    zo_loss: 0.2523809523809524
  val:
    auc: 0.6598540888177128
    zo_loss: 0.29761904761904767
model_name: JOPLEn
params:
  L1Norm_lam: 9.174685514340852e-05
  cell_model: CellModel.constant
  loss_fn: LogisticLoss
  max_iters: 100000
  mu: 3.745076214686732
  n_cells: 22
  n_partitions: 10
  partitioner: RFPartition
  random_state: 0
  verbose: false
test_score: 0.5681522497194124
train_time: 0.31598711013793945
val_score: 0.5912247903500624
