contains_categorical: postprocessed
dummy_loss: 17.336333900041623
dummy_metadata:
  auc: 0.5
  zo_loss: 0.48098159509202454
metadata:
  n_epochs: 366
  test:
    auc: 0.8815132435953105
    zo_loss: 0.19263803680981595
  val:
    auc: 0.8792491328300347
    zo_loss: 0.19533169533169537
model_name: JOPLEn
params:
  SquaredFNorm_lam: 0.24195390354784996
  SquaredLaplacian_lam: 1.374794878681301e-05
  SquaredLaplacian_laplacian_type: LaplacianType.NORMALIZED
  SquaredLaplacian_sigma: 0.0016944929680272375
  cell_model: CellModel.linear
  loss_fn: LogisticLoss
  max_iters: 100000
  mu: 2.2701859859876676
  n_cells: 22
  n_partitions: 263
  partitioner: GBPartition
  random_state: 0
  verbose: false
test_score: 0.4073441688160102
train_time: 5.987435817718506
val_score: 0.40319091994644596
