contains_categorical: postprocessed
dummy_loss: 6.758185010459466
dummy_metadata:
  auc: 0.5
  zo_loss: 0.1875
metadata:
  n_epochs: 564
  test:
    auc: 0.6538461538461539
    zo_loss: 0.25
  val:
    auc: 0.8600000000000001
    zo_loss: 0.09677419354838712
model_name: JOPLEn
params:
  GroupInf1Norm_lam: 37.538993371375845
  SquaredFNorm_lam: 0.0005841577959619785
  cell_model: CellModel.linear
  loss_fn: LogisticLoss
  max_iters: 100000
  n_cells: 4
  n_partitions: 10
  partitioner: LinearForestPartition
  random_state: 0
  verbose: false
test_score: 0.5333151525800472
train_time: 1.809587001800537
val_score: 0.34904374102101304
