contains_categorical: postprocessed
dummy_loss: 6.758185010459466
dummy_metadata:
  auc: 0.5
  zo_loss: 0.1875
metadata:
  n_epochs: 228
  test:
    auc: 0.6923076923076923
    zo_loss: 0.25
  val:
    auc: 0.8600000000000001
    zo_loss: 0.09677419354838712
model_name: JOPLEn
params:
  SquaredFNorm_lam: 91.48053923055816
  cell_model: CellModel.linear
  loss_fn: LogisticLoss
  max_iters: 100000
  mu: 7.45951435338809
  n_cells: 4
  n_partitions: 10
  partitioner: LinearForestPartition
  random_state: 0
  verbose: false
test_score: 0.5319309295373461
train_time: 0.638786792755127
val_score: 0.34897682834047844
