contains_categorical: false
dummy_loss: 17.163644471008165
dummy_metadata:
  auc: 0.5
  zo_loss: 0.47619047619047616
metadata:
  n_epochs: 111
  test:
    auc: 0.7818181818181817
    zo_loss: 0.23809523809523814
  val:
    auc: 0.8409090909090909
    zo_loss: 0.26190476190476186
model_name: JOPLEn
params:
  SquaredFNorm_lam: 0.4321878215569929
  SquaredLaplacian_lam: 5.930371352116544e-05
  SquaredLaplacian_laplacian_type: LaplacianType.NORMALIZED
  SquaredLaplacian_sigma: 4.8569165896467186e-05
  cell_model: CellModel.constant
  loss_fn: LogisticLoss
  max_iters: 100000
  mu: 0.900000270546645
  n_cells: 24
  n_partitions: 581
  partitioner: GBPartition
  random_state: 0
  verbose: false
test_score: 0.5342147574462364
train_time: 1.0513098239898682
val_score: 0.49295701726809726
