contains_categorical: postprocessed
dummy_loss: 13.21600624267629
dummy_metadata:
  auc: 0.5
  zo_loss: 0.3666666666666667
metadata:
  n_epochs: 172
  test:
    auc: 0.8325358851674641
    zo_loss: 0.1333333333333333
  val:
    auc: 0.8427318295739348
    zo_loss: 0.1694915254237288
model_name: JOPLEn
params:
  SquaredFNorm_lam: 1.1608931334021732e-05
  cell_model: CellModel.constant
  loss_fn: LogisticLoss
  max_iters: 100000
  mu: 7.801760657674862
  n_cells: 2
  n_partitions: 87
  partitioner: LinearForestPartition
  random_state: 0
  verbose: false
test_score: 0.42786074048782047
train_time: 0.5073676109313965
val_score: 0.46438192963788466
