contains_categorical: false
dummy_loss: 13.279240722306321
dummy_metadata:
  auc: 0.5
  zo_loss: 0.368421052631579
metadata:
  n_epochs: 128
  test:
    auc: 0.9947089947089948
    zo_loss: 0.01754385964912286
  val:
    auc: 0.9901735997379627
    zo_loss: 0.04385964912280704
model_name: JOPLEn
params:
  Group21Norm_lam: 5.0497657786323735
  cell_model: CellModel.linear
  loss_fn: LogisticLoss
  max_iters: 100000
  mu: 8.200444179524636
  n_cells: 4
  n_partitions: 183
  partitioner: RFPartition
  random_state: 0
  verbose: false
test_score: 0.0927349934896777
train_time: 0.5094668865203857
val_score: 0.10556572699352569
