contains_categorical: postprocessed
dummy_loss: 13.216006242676288
dummy_metadata:
  auc: 0.5
  zo_loss: 0.3666666666666667
metadata:
  n_epochs: 113
  test:
    auc: 0.8564593301435406
    zo_loss: 0.1333333333333333
  val:
    auc: 0.8596491228070176
    zo_loss: 0.18644067796610164
model_name: JOPLEn
params:
  SquaredFNorm_lam: 0.00018152740230772412
  cell_model: CellModel.linear
  loss_fn: LogisticLoss
  max_iters: 100000
  mu: 3.7572522138683975
  n_cells: 2
  n_partitions: 1000
  partitioner: LinearForestPartition
  random_state: 0
  verbose: false
test_score: 0.401787724656817
train_time: 0.96877121925354
val_score: 0.4781294818364439
