contains_categorical: postprocessed
dummy_loss: 12.270179877146266
dummy_metadata:
  auc: 0.5
  zo_loss: 0.34042553191489366
metadata:
  n_epochs: 169
  test:
    auc: 0.7056451612903225
    zo_loss: 0.2978723404255319
  val:
    auc: 0.7950819672131147
    zo_loss: 0.23655913978494625
model_name: JOPLEn
params:
  SquaredFNorm_lam: 0.01358746865471093
  cell_model: CellModel.constant
  loss_fn: LogisticLoss
  max_iters: 100000
  mu: 8.0022477753531
  n_cells: 2
  n_partitions: 578
  partitioner: VPartition
  random_state: 0
  verbose: false
test_score: 0.620569974890333
train_time: 0.7502951622009277
val_score: 0.5206562974605057
