contains_categorical: false
dummy_loss: 18.021826694558577
dummy_metadata:
  auc: 0.5
  zo_loss: 0.5
metadata:
  n_epochs: 652
  test:
    auc: 0.9982249817384953
    zo_loss: 0.02297297297297296
  val:
    auc: 0.9961086932670153
    zo_loss: 0.029073698444895157
model_name: JOPLEn
params:
  Group21Norm_lam: 27.629613423813353
  SquaredFNorm_lam: 0.003822526967483017
  cell_model: CellModel.linear
  loss_fn: LogisticLoss
  max_iters: 100000
  n_cells: 32
  n_partitions: 340
  partitioner: LinearForestPartition
  random_state: 0
  verbose: false
test_score: 0.0569834328387773
train_time: 26.747011184692383
val_score: 0.07750591806116837
