contains_categorical: postprocessed
dummy_loss: 12.35782401912588
dummy_metadata:
  auc: 0.5
  zo_loss: 0.34285714285714286
metadata:
  n_epochs: 531
  test:
    auc: 0.9189311594202899
    zo_loss: 0.09999999999999998
  val:
    auc: 0.9764492753623188
    zo_loss: 0.07857142857142863
model_name: JOPLEn
params:
  SquaredFNorm_lam: 0.034861486187881034
  SquaredLaplacian_lam: 1.9811068471390816e-05
  SquaredLaplacian_laplacian_type: LaplacianType.NORMALIZED
  SquaredLaplacian_sigma: 0.006214048894130689
  cell_model: CellModel.constant
  loss_fn: LogisticLoss
  max_iters: 100000
  mu: 1.0e-05
  n_cells: 32
  n_partitions: 635
  partitioner: LinearForestPartition
  random_state: 0
  verbose: false
test_score: 0.31147714099388624
train_time: 3.0708119869232178
val_score: 0.17330482579372375
