contains_categorical: false
dummy_loss: 17.826996135698483
dummy_metadata:
  auc: 0.5
  zo_loss: 0.49459459459459465
metadata:
  n_epochs: 179
  test:
    auc: 0.9974503959556997
    zo_loss: 0.02297297297297296
  val:
    auc: 0.9963771296479177
    zo_loss: 0.025693035835023692
model_name: JOPLEn
params:
  SquaredFNorm_lam: 0.00010936898946304092
  cell_model: CellModel.linear
  loss_fn: LogisticLoss
  max_iters: 100000
  mu: 8.051895988914984
  n_cells: 2
  n_partitions: 724
  partitioner: GBPartition
  random_state: 0
  verbose: false
test_score: 0.06380698324434941
train_time: 11.45824933052063
val_score: 0.0740005613891606
