contains_categorical: postprocessed
dummy_loss: 13.216006242676288
dummy_metadata:
  auc: 0.5
  zo_loss: 0.3666666666666667
metadata:
  n_epochs: 145
  test:
    auc: 0.8181818181818181
    zo_loss: 0.16666666666666663
  val:
    auc: 0.8533834586466165
    zo_loss: 0.18644067796610164
model_name: JOPLEn
params:
  SquaredFNorm_lam: 14.608548114598902
  SquaredLaplacian_lam: 0.010910894753732565
  SquaredLaplacian_laplacian_type: LaplacianType.NORMALIZED
  SquaredLaplacian_sigma: 0.006976172664685914
  cell_model: CellModel.linear
  loss_fn: LogisticLoss
  max_iters: 100000
  mu: 8.434942092748502
  n_cells: 2
  n_partitions: 61
  partitioner: LinearForestPartition
  random_state: 0
  verbose: false
test_score: 0.48001312508442534
train_time: 0.4954814910888672
val_score: 0.47425019193595236
