contains_categorical: false
dummy_loss: 14.229815437785946
dummy_metadata:
  auc: 0.5
  zo_loss: 0.3947939262472885
metadata:
  n_epochs: 211
  test:
    auc: 0.9647485131356099
    zo_loss: 0.07375271149674623
  val:
    auc: 0.9825590605754568
    zo_loss: 0.05326086956521736
model_name: JOPLEn
params:
  SquaredFNorm_lam: 0.8439381391831776
  cell_model: CellModel.linear
  loss_fn: LogisticLoss
  max_iters: 100000
  mu: 1.0
  n_cells: 16
  n_partitions: 1000
  partitioner: VPartition
  random_state: 0
  verbose: false
test_score: 0.24854388553460993
train_time: 6.8109986782073975
val_score: 0.15631728104241774
