contains_categorical: postprocessed
dummy_loss: 6.007275564852859
dummy_metadata:
  auc: 0.5
  zo_loss: 0.16666666666666663
metadata:
  n_epochs: 109
  test:
    auc: 0.7333333333333334
    zo_loss: 0.16666666666666663
  val:
    auc: 0.864516129032258
    zo_loss: 0.16666666666666663
model_name: JOPLEn
params:
  Group21Norm_lam: 1000.0
  cell_model: CellModel.linear
  loss_fn: LogisticLoss
  max_iters: 100000
  mu: 6.701295714545464
  n_cells: 7
  n_partitions: 10
  partitioner: VPartition
  random_state: 0
  verbose: false
test_score: 0.4008810925392758
train_time: 0.28487086296081543
val_score: 0.3012327453576076
