contains_categorical: false
dummy_loss: 16.019401506274292
dummy_metadata:
  auc: 0.5
  zo_loss: 0.4444444444444444
metadata:
  n_epochs: 103
  test:
    auc: 0.55
    zo_loss: 0.2222222222222222
  val:
    auc: 0.8701298701298701
    zo_loss: 0.2222222222222222
model_name: JOPLEn
params:
  SquaredFNorm_lam: 0.00644272823006014
  SquaredLaplacian_lam: 0.0018658113683454214
  SquaredLaplacian_laplacian_type: LaplacianType.STANDARD
  SquaredLaplacian_sigma: 6.5617321315345
  cell_model: CellModel.linear
  loss_fn: LogisticLoss
  max_iters: 100000
  mu: 1.0
  n_cells: 7
  n_partitions: 10
  partitioner: VPartition
  random_state: 0
  verbose: false
test_score: 0.6939849393242153
train_time: 0.524242639541626
val_score: 0.40024118981797613
