contains_categorical: false
dummy_loss: 13.279240722306321
dummy_metadata:
  auc: 0.5
  zo_loss: 0.368421052631579
metadata:
  n_epochs: 119
  test:
    auc: 0.988095238095238
    zo_loss: 0.052631578947368474
  val:
    auc: 0.9921388797903702
    zo_loss: 0.04385964912280704
model_name: JOPLEn
params:
  SquaredFNorm_lam: 0.0611668324879899
  cell_model: CellModel.constant
  loss_fn: LogisticLoss
  max_iters: 100000
  mu: 6.031782597632416
  n_cells: 9
  n_partitions: 397
  partitioner: VPartition
  random_state: 0
  verbose: false
test_score: 0.125336535930706
train_time: 0.513960599899292
val_score: 0.10570083170589363
