contains_categorical: postprocessed
dummy_loss: 6.007275564852859
dummy_metadata:
  auc: 0.5
  zo_loss: 0.16666666666666663
metadata:
  n_epochs: 175
  test:
    auc: 0.4888888888888888
    zo_loss: 0.16666666666666663
  val:
    auc: 0.5935483870967742
    zo_loss: 0.13888888888888884
model_name: JOPLEn
params:
  SquaredFNorm_lam: 298.6044340815322
  cell_model: CellModel.linear
  loss_fn: LogisticLoss
  max_iters: 100000
  mu: 2.721072571020239
  n_cells: 10
  n_partitions: 24
  partitioner: RFPartition
  random_state: 0
  verbose: false
test_score: 0.4854005689822601
train_time: 0.46788454055786133
val_score: 0.3988935279669195
