contains_categorical: postprocessed
dummy_loss: 13.63813912020649
dummy_metadata:
  auc: 0.5
  zo_loss: 0.3783783783783784
metadata:
  test:
    auc: 0.7298136645962733
    zo_loss: 0.2702702702702703
  val:
    auc: 0.7186761229314421
    zo_loss: 0.32432432432432434
model_name: RandomForestClassifier
params:
  ccp_alpha: 1.0e-05
  criterion: log_loss
  max_depth: 4
  max_leaf_nodes: 20
  n_estimators: 435
  n_jobs: -1
  random_state: 0
test_score: 0.5773856908730357
train_time: 0.37163305282592773
val_score: 0.5969011591113871
