contains_categorical: postprocessed
dummy_loss: 18.021826694558577
dummy_metadata:
  auc: 0.5
  zo_loss: 0.5
metadata:
  n_epochs: 2316
  test:
    auc: 1.0
    zo_loss: 0.0
  val:
    auc: 1.0
    zo_loss: 0.0
model_name: JOPLEn
params:
  SquaredFNorm_lam: 2.67424210206371e-05
  cell_model: CellModel.linear
  loss_fn: LogisticLoss
  max_iters: 100000
  mu: 6.737939948502147
  n_cells: 2
  n_partitions: 117
  partitioner: GBPartition
  random_state: 0
  verbose: false
test_score: 0.015910924897239175
train_time: 5.853782892227173
val_score: 0.0005733651147375327
