contains_categorical: postprocessed
dummy_loss: 10.813096016735146
dummy_metadata:
  auc: 0.5
  zo_loss: 0.30000000000000004
metadata:
  n_epochs: 334
  test:
    auc: 1.0
    zo_loss: 0.0
  val:
    auc: 1.0
    zo_loss: 0.0
model_name: JOPLEn
params:
  SquaredFNorm_lam: 0.0002383867329276915
  cell_model: CellModel.linear
  loss_fn: LogisticLoss
  max_iters: 100000
  mu: 3.70093509079003
  n_cells: 15
  n_partitions: 855
  partitioner: RFPartition
  random_state: 0
  verbose: false
test_score: 1.192092966562092e-07
train_time: 1.3782908916473389
val_score: 1.1920929665620914e-07
