contains_categorical: postprocessed
dummy_loss: 10.813096016735146
dummy_metadata:
  auc: 0.5
  zo_loss: 0.30000000000000004
metadata:
  n_epochs: 136
  test:
    auc: 0.5261904761904762
    zo_loss: 0.31000000000000005
  val:
    auc: 0.6710714285714287
    zo_loss: 0.29500000000000004
model_name: JOPLEn
params:
  SquaredFNorm_lam: 0.0038050944877626564
  cell_model: CellModel.constant
  loss_fn: LogisticLoss
  max_iters: 100000
  mu: 4.64063476842854
  n_cells: 5
  n_partitions: 1000
  partitioner: VPartition
  random_state: 0
  verbose: false
test_score: 0.6634421815110366
train_time: 1.547816276550293
val_score: 0.5765651030818296
