contains_categorical: postprocessed
dummy_loss: 11.185961396622565
dummy_metadata:
  auc: 0.5
  zo_loss: 0.31034482758620685
metadata:
  n_epochs: 1119
  test:
    auc: 0.6722222222222223
    zo_loss: 0.31034482758620685
  val:
    auc: 0.5624103299856528
    zo_loss: 0.2931034482758621
model_name: JOPLEn
params:
  Group21Norm_lam: 1000.0
  cell_model: CellModel.linear
  loss_fn: LogisticLoss
  max_iters: 100000
  mu: 1.0e-05
  n_cells: 2
  n_partitions: 21
  partitioner: RFPartition
  random_state: 0
  verbose: false
test_score: 0.5953063783727415
train_time: 3.1678502559661865
val_score: 0.5990808812554612
