contains_categorical: postprocessed
dummy_loss: 13.14091529811563
dummy_metadata:
  auc: 0.5
  zo_loss: 0.36458333333333337
metadata:
  test:
    auc: 0.9817330210772833
    zo_loss: 0.0625
  val:
    auc: 0.9865676917638742
    zo_loss: 0.0625
model_name: RandomForestClassifier
params:
  ccp_alpha: 0.000847240714443017
  criterion: log_loss
  max_depth: 4
  max_leaf_nodes: 16
  n_estimators: 10
  n_jobs: -1
  random_state: 0
test_score: 0.19116936487926692
train_time: 0.0550084114074707
val_score: 0.155835958605946
