contains_categorical: postprocessed
dummy_loss: 16.193525435690322
dummy_metadata:
  auc: 0.5
  zo_loss: 0.4492753623188406
metadata:
  n_epochs: 124
  test:
    auc: 0.9108658743633277
    zo_loss: 0.17391304347826086
  val:
    auc: 0.7836917181179477
    zo_loss: 0.2753623188405797
model_name: JOPLEn
params:
  GroupInf1Norm_lam: 0.16321995109779636
  cell_model: CellModel.linear
  loss_fn: LogisticLoss
  max_iters: 100000
  mu: 8.280154646556758
  n_cells: 32
  n_partitions: 38
  partitioner: VPartition
  random_state: 0
  verbose: false
test_score: 0.41434184941499347
train_time: 0.41754913330078125
val_score: 0.5735521381754735
