contains_categorical: false
dummy_loss: 12.638683655924195
dummy_metadata:
  auc: 0.5
  zo_loss: 0.35064935064935066
metadata:
  n_epochs: 276
  test:
    auc: 0.817037037037037
    zo_loss: 0.24675324675324672
  val:
    auc: 0.8624074074074074
    zo_loss: 0.2012987012987013
model_name: JOPLEn
params:
  SquaredFNorm_lam: 148.02901665095064
  SquaredLaplacian_lam: 0.00018269336520698064
  SquaredLaplacian_laplacian_type: LaplacianType.LEFT_NORMALIZED
  SquaredLaplacian_sigma: 0.0681080308511558
  cell_model: CellModel.linear
  loss_fn: LogisticLoss
  max_iters: 100000
  mu: 4.9341162609240605
  n_cells: 8
  n_partitions: 20
  partitioner: GBPartition
  random_state: 0
  verbose: false
test_score: 0.5036514623713685
train_time: 0.923907995223999
val_score: 0.4425300313794278
