contains_categorical: false
dummy_loss: 21.626192033470293
dummy_metadata:
  auc: 0.5
  zo_loss: 0.6
metadata:
  n_epochs: 103
  test:
    auc: 1.0
    zo_loss: 0.0
  val:
    auc: 0.92
    zo_loss: 0.09999999999999998
model_name: JOPLEn
params:
  SquaredFNorm_lam: 8.056019272267486e-05
  SquaredLaplacian_lam: 0.0005028717255281361
  SquaredLaplacian_laplacian_type: LaplacianType.STANDARD
  SquaredLaplacian_sigma: 3.475685713385821e-05
  cell_model: CellModel.constant
  loss_fn: LogisticLoss
  max_iters: 100000
  mu: 7.064900579090855
  n_cells: 32
  n_partitions: 19
  partitioner: LinearForestPartition
  random_state: 0
  verbose: false
test_score: 0.038359039273302434
train_time: 0.33279919624328613
val_score: 0.3366371979049949
