contains_categorical: false
dummy_loss: 21.626192033470293
dummy_metadata:
  auc: 0.5
  zo_loss: 0.6
metadata:
  test:
    auc: 1.0
    zo_loss: 0.0
  val:
    auc: 0.98
    zo_loss: 0.09999999999999998
model_name: CatBoostClassifier
params:
  allow_writing_files: false
  grow_policy: SymmetricTree
  iterations: 460
  l2_leaf_reg: 1.0e-05
  learning_rate: 0.9042234161888398
  max_depth: 1
  od_type: Iter
  od_wait: 39
  random_seed: 0
  subsample: 1.0
test_score: 0.02951841392923904
train_time: 0.020257234573364258
val_score: 0.1846371183389715
