contains_categorical: false
dummy_loss: 1593.4204358396946
dummy_metadata: {}
metadata:
  test: {}
  val: {}
model_name: XGBRegressor
params:
  early_stopping_rounds: 77
  learning_rate: 0.8321950481682461
  max_leaves: 27
  n_estimators: 60
  objective: reg:squarederror
  random_state: 0
  reg_alpha: 0.0013679549296668296
  reg_lambda: 0.7285695212264238
  verbosity: 0
test_score: 1122.0795376839924
train_time: 0.4801442623138428
val_score: 914.9402705110293
