contains_categorical: false
dummy_loss: 13.27924072230632
dummy_metadata:
  auc: 0.5
  zo_loss: 0.368421052631579
metadata:
  n_epochs: 394
  test:
    auc: 0.9484126984126984
    zo_loss: 0.052631578947368474
  val:
    auc: 0.9990173599737964
    zo_loss: 0.00877192982456143
model_name: JOPLEn
params:
  SquaredFNorm_lam: 0.0075760233880645695
  cell_model: CellModel.linear
  loss_fn: LogisticLoss
  max_iters: 100000
  mu: 6.3994892981685565
  n_cells: 6
  n_partitions: 169
  partitioner: RFPartition
  random_state: 0
  verbose: false
test_score: 0.44387195963587156
train_time: 1.5319983959197998
val_score: 0.03851725873111287
