contains_categorical: postprocessed
dummy_loss: 7.20873067782343
dummy_metadata:
  auc: 0.5
  zo_loss: 0.19999999999999996
metadata:
  n_epochs: 115
  test:
    auc: 0.9375
    zo_loss: 0.09999999999999998
  val:
    auc: 0.9733333333333334
    zo_loss: 0.09999999999999998
model_name: JOPLEn
params:
  SquaredFNorm_lam: 0.03597688851611607
  cell_model: CellModel.linear
  loss_fn: LogisticLoss
  max_iters: 100000
  mu: 4.570850384742342
  n_cells: 11
  n_partitions: 20
  partitioner: RFPartition
  random_state: 0
  verbose: false
test_score: 0.2694511614320782
train_time: 0.3218679428100586
val_score: 0.17312402753869516
