contains_categorical: false
dummy_loss: 14.229815437785946
dummy_metadata:
  auc: 0.5
  zo_loss: 0.3947939262472885
metadata:
  n_epochs: 165
  test:
    auc: 0.9624049785340109
    zo_loss: 0.07375271149674623
  val:
    auc: 0.9814847818768687
    zo_loss: 0.048913043478260865
model_name: JOPLEn
params:
  Group21Norm_lam: 1000.0
  cell_model: CellModel.linear
  loss_fn: LogisticLoss
  max_iters: 100000
  mu: 4.430829631813303
  n_cells: 19
  n_partitions: 1000
  partitioner: VPartition
  random_state: 0
  verbose: false
test_score: 0.26345667826286023
train_time: 5.326308965682983
val_score: 0.16352665432854982
