contains_categorical: postprocessed
dummy_loss: 12.191235705142565
dummy_metadata:
  auc: 0.5
  zo_loss: 0.3382352941176471
metadata:
  n_epochs: 123
  test:
    auc: 0.6173913043478261
    zo_loss: 0.32352941176470584
  val:
    auc: 0.6812345679012346
    zo_loss: 0.37037037037037035
model_name: JOPLEn
params:
  L1Norm_lam: 1.0e-05
  cell_model: CellModel.constant
  loss_fn: LogisticLoss
  max_iters: 100000
  mu: 7.3007269318901535
  n_cells: 2
  n_partitions: 433
  partitioner: RFPartition
  random_state: 0
  verbose: false
test_score: 0.6342833853789086
train_time: 0.6763637065887451
val_score: 0.5948308780229236
