contains_categorical: postprocessed
dummy_loss: 0.5721214823669392
dummy_metadata:
  auc: 0.5
  zo_loss: 0.015873015873015928
metadata:
  n_epochs: 144
  test:
    auc: 0.8906810035842294
    zo_loss: 0.021164021164021163
  val:
    auc: 0.8952156334231806
    zo_loss: 0.017241379310344862
model_name: JOPLEn
params:
  SquaredFNorm_lam: 5.919076541143609e-05
  cell_model: CellModel.linear
  loss_fn: LogisticLoss
  max_iters: 100000
  mu: 1.0
  n_cells: 32
  n_partitions: 10
  partitioner: VPartition
  random_state: 0
  verbose: false
test_score: 0.06964169243175657
train_time: 0.38534021377563477
val_score: 0.061673439874241655
