contains_categorical: postprocessed
dummy_loss: 7.20873067782343
dummy_metadata:
  auc: 0.5
  zo_loss: 0.19999999999999996
metadata:
  test:
    auc: 1.0
    zo_loss: 0.0
  val:
    auc: 0.9833333333333334
    zo_loss: 0.052631578947368474
model_name: LinearForestClassifier
params:
  ccp_alpha: 0.0006782382183615871
  max_depth: 5
  max_leaf_nodes: 15
  n_estimators: 156
  random_state: 0
test_score: 0.01635114923387073
train_time: 0.09766125679016113
val_score: 0.2177264177165581
