contains_categorical: postprocessed
dummy_loss: 10.813096016735146
dummy_metadata:
  auc: 0.5
  zo_loss: 0.30000000000000004
metadata:
  n_epochs: 103
  test:
    auc: 1.0
    zo_loss: 0.0
  val:
    auc: 1.0
    zo_loss: 0.0
model_name: JOPLEn
params:
  SquaredFNorm_lam: 4.928415623398613e-05
  cell_model: CellModel.constant
  loss_fn: LogisticLoss
  max_iters: 100000
  mu: 9.124337378650853
  n_cells: 2
  n_partitions: 31
  partitioner: GBPartition
  random_state: 0
  verbose: false
test_score: 1.192092966562092e-07
train_time: 0.3139035701751709
val_score: 1.1920929665620914e-07
