contains_categorical: postprocessed
dummy_loss: 13.63813912020649
dummy_metadata:
  auc: 0.5
  zo_loss: 0.3783783783783784
metadata:
  n_epochs: 119
  test:
    auc: 0.6832298136645962
    zo_loss: 0.3513513513513513
  val:
    auc: 0.6351457840819543
    zo_loss: 0.3648648648648649
model_name: JOPLEn
params:
  SquaredFNorm_lam: 0.1714632898307804
  cell_model: CellModel.constant
  loss_fn: LogisticLoss
  max_iters: 100000
  mu: 5.2557174997782
  n_cells: 2
  n_partitions: 660
  partitioner: VPartition
  random_state: 0
  verbose: false
test_score: 0.6273723260903903
train_time: 0.5957851409912109
val_score: 0.6287211190867628
