contains_categorical: postprocessed
dummy_loss: 12.014551129705717
dummy_metadata:
  auc: 0.5
  zo_loss: 0.33333333333333337
metadata:
  n_epochs: 131
  test:
    auc: 0.828125
    zo_loss: 0.16666666666666663
  val:
    auc: 0.90625
    zo_loss: 0.16666666666666663
model_name: JOPLEn
params:
  Group21Norm_lam: 1.4533935534062056e-05
  SquaredFNorm_lam: 0.1188705229424603
  cell_model: CellModel.linear
  loss_fn: LogisticLoss
  max_iters: 100000
  n_cells: 4
  n_partitions: 1000
  partitioner: LinearForestPartition
  random_state: 0
  verbose: false
test_score: 0.38843803651517755
train_time: 1.0822269916534424
val_score: 0.3393126219561733
