contains_categorical: postprocessed
dummy_loss: 16.19352543569032
dummy_metadata:
  auc: 0.5
  zo_loss: 0.4492753623188406
metadata:
  n_epochs: 4121
  test:
    auc: 0.7915959252971138
    zo_loss: 0.24637681159420288
  val:
    auc: 0.8857781562699596
    zo_loss: 0.18840579710144922
model_name: JOPLEn
params:
  GroupInf1Norm_lam: 0.701036778949703
  cell_model: CellModel.linear
  loss_fn: LogisticLoss
  max_iters: 100000
  mu: 1.0e-05
  n_cells: 8
  n_partitions: 10
  partitioner: VPartition
  random_state: 0
  verbose: false
test_score: 0.5376139572099066
train_time: 10.734898328781128
val_score: 0.41654809023753625
