contains_categorical: false
dummy_loss: 6.553391525294028
dummy_metadata:
  auc: 0.5
  zo_loss: 0.18181818181818177
metadata:
  n_epochs: 556
  test:
    auc: 0.5
    zo_loss: 0.2727272727272727
  val:
    auc: 1.0
    zo_loss: 0.045454545454545414
model_name: JOPLEn
params:
  SquaredFNorm_lam: 1000.0
  cell_model: CellModel.linear
  loss_fn: LogisticLoss
  max_iters: 100000
  mu: 4.603579963620153
  n_cells: 26
  n_partitions: 55
  partitioner: RFPartition
  random_state: 0
  verbose: false
test_score: 1.294804633774387
train_time: 1.4569783210754395
val_score: 0.08248439581694776
