contains_categorical: postprocessed
dummy_loss: 16.01940150627429
dummy_metadata:
  auc: 0.5
  zo_loss: 0.4444444444444444
metadata:
  n_epochs: 111
  test:
    auc: 0.85
    zo_loss: 0.18518518518518523
  val:
    auc: 0.8611111111111112
    zo_loss: 0.2592592592592593
model_name: JOPLEn
params:
  SquaredFNorm_lam: 0.0007987830070560163
  cell_model: CellModel.linear
  loss_fn: LogisticLoss
  max_iters: 100000
  mu: 4.977025100570786
  n_cells: 2
  n_partitions: 454
  partitioner: GBPartition
  random_state: 0
  verbose: false
test_score: 0.5186153256804074
train_time: 0.47269487380981445
val_score: 0.4653436912955964
