contains_categorical: false
dummy_loss: 13.27924072230632
dummy_metadata:
  auc: 0.5
  zo_loss: 0.368421052631579
metadata:
  n_epochs: 123
  test:
    auc: 0.9417989417989416
    zo_loss: 0.052631578947368474
  val:
    auc: 0.9977071732721913
    zo_loss: 0.03508771929824561
model_name: JOPLEn
params:
  Group21Norm_lam: 385.9523855155706
  cell_model: CellModel.linear
  loss_fn: LogisticLoss
  max_iters: 100000
  mu: 5.610943765170893
  n_cells: 13
  n_partitions: 10
  partitioner: RFPartition
  random_state: 0
  verbose: false
test_score: 0.24584576324456614
train_time: 0.34657883644104004
val_score: 0.0642878043019188
