contains_categorical: false
dummy_loss: 9.301587971385072
dummy_metadata:
  auc: 0.5
  zo_loss: 0.25806451612903225
metadata:
  n_epochs: 172
  test:
    auc: 0.8233695652173914
    zo_loss: 0.29032258064516125
  val:
    auc: 0.7180706521739131
    zo_loss: 0.24193548387096775
model_name: JOPLEn
params:
  SquaredFNorm_lam: 1.0e-05
  cell_model: CellModel.constant
  loss_fn: LogisticLoss
  max_iters: 100000
  mu: 9.338253224051956
  n_cells: 2
  n_partitions: 335
  partitioner: RFPartition
  random_state: 0
  verbose: false
test_score: 0.521740416914047
train_time: 0.6807975769042969
val_score: 0.512563596093628
