contains_categorical: postprocessed
dummy_loss: 12.270179877146266
dummy_metadata:
  auc: 0.5
  zo_loss: 0.34042553191489366
metadata:
  test:
    auc: 0.7056451612903226
    zo_loss: 0.34042553191489366
  val:
    auc: 0.7269467213114754
    zo_loss: 0.32258064516129037
model_name: ExtraTreesClassifier
params:
  criterion: log_loss
  max_depth: 5
  max_features: 1
  max_leaf_nodes: 32
  n_estimators: 10
  random_state: 0
test_score: 0.6008332778192201
train_time: 0.009375810623168945
val_score: 0.5816755468344106
