contains_categorical: postprocessed
dummy_loss: 15.859207491211547
dummy_metadata:
  auc: 0.5
  zo_loss: 0.43999999999999995
metadata:
  n_epochs: 1464
  test:
    auc: 0.6371753246753248
    zo_loss: 0.4
  val:
    auc: 0.7276785714285714
    zo_loss: 0.35
model_name: JOPLEn
params:
  SquaredFNorm_lam: 0.004666992228512069
  cell_model: CellModel.constant
  loss_fn: LogisticLoss
  max_iters: 100000
  mu: 1.0e-05
  n_cells: 20
  n_partitions: 29
  partitioner: RFPartition
  random_state: 0
  verbose: false
test_score: 0.6594552958838493
train_time: 4.06839656829834
val_score: 0.6054829935915746
