contains_categorical: postprocessed
dummy_loss: 6.758185010459466
dummy_metadata:
  auc: 0.5
  zo_loss: 0.1875
metadata:
  n_epochs: 33
  test:
    auc: 0.5641025641025641
    zo_loss: 0.125
  val:
    auc: 0.8
    zo_loss: 0.22580645161290325
model_name: JOPLEn
params:
  Group21Norm_lam: 0.00864265427633538
  cell_model: CellModel.linear
  loss_fn: LogisticLoss
  max_iters: 100000
  mu: 2.958738409622746
  n_cells: 8
  n_partitions: 470
  partitioner: VPartition
  random_state: 0
  verbose: false
test_score: 0.4883382563250094
train_time: 0.2982337474822998
val_score: 0.4222966493107307
