contains_categorical: postprocessed
dummy_loss: 13.730915576806535
dummy_metadata:
  auc: 0.5
  zo_loss: 0.38095238095238093
metadata:
  n_epochs: 111
  test:
    auc: 0.9326923076923077
    zo_loss: 0.09523809523809523
  val:
    auc: 1.0
    zo_loss: 0.023809523809523836
model_name: JOPLEn
params:
  SquaredFNorm_lam: 1.0e-05
  SquaredLaplacian_lam: 0.017110304892704833
  SquaredLaplacian_laplacian_type: LaplacianType.STANDARD
  SquaredLaplacian_sigma: 1000.0
  cell_model: CellModel.linear
  loss_fn: LogisticLoss
  max_iters: 100000
  mu: 1.0
  n_cells: 2
  n_partitions: 23
  partitioner: VPartition
  random_state: 0
  verbose: false
test_score: 0.30023755686046744
train_time: 0.3737497329711914
val_score: 0.07444321099657272
