contains_categorical: false
dummy_loss: 14.229815437785946
dummy_metadata:
  auc: 0.5
  zo_loss: 0.3947939262472885
metadata:
  n_epochs: 167
  test:
    auc: 0.9635472054826894
    zo_loss: 0.07375271149674623
  val:
    auc: 0.981400621794491
    zo_loss: 0.05217391304347829
model_name: JOPLEn
params:
  GroupInf1Norm_lam: 0.1687271289064127
  cell_model: CellModel.linear
  loss_fn: LogisticLoss
  max_iters: 100000
  mu: 1.0
  n_cells: 18
  n_partitions: 1000
  partitioner: VPartition
  random_state: 0
  verbose: false
test_score: 0.2581422742215288
train_time: 5.386360168457031
val_score: 0.164262131713982
