contains_categorical: postprocessed
dummy_loss: 5.118198781254636
dummy_metadata:
  auc: 0.5
  zo_loss: 0.14200000000000002
metadata:
  n_epochs: 199
  test:
    auc: 0.7021569979316458
    zo_loss: 0.10399999999999998
  val:
    auc: 0.7475739390633009
    zo_loss: 0.10510510510510507
model_name: JOPLEn
params:
  Group21Norm_lam: 15.731696832457235
  cell_model: CellModel.linear
  loss_fn: LogisticLoss
  max_iters: 100000
  mu: 1.0
  n_cells: 2
  n_partitions: 1000
  partitioner: VPartition
  random_state: 0
  verbose: false
test_score: 0.34836199384629607
train_time: 1.3230857849121094
val_score: 0.32699829788150664
