contains_categorical: postprocessed
dummy_loss: 7.20873067782343
dummy_metadata:
  auc: 0.5
  zo_loss: 0.19999999999999996
metadata:
  n_epochs: 883
  test:
    auc: 0.875
    zo_loss: 0.19999999999999996
  val:
    auc: 1.0
    zo_loss: 0.0
model_name: JOPLEn
params:
  L1Norm_lam: 0.0018096611982401124
  cell_model: CellModel.constant
  loss_fn: LogisticLoss
  max_iters: 100000
  mu: 2.742436424535528
  n_cells: 28
  n_partitions: 52
  partitioner: RFPartition
  random_state: 0
  verbose: false
test_score: 0.5322282026679512
train_time: 2.263303279876709
val_score: 0.07370019347202958
