contains_categorical: postprocessed
dummy_loss: 12.014551129705717
dummy_metadata:
  auc: 0.5
  zo_loss: 0.33333333333333337
metadata:
  n_epochs: 159
  test:
    auc: 0.890625
    zo_loss: 0.16666666666666663
  val:
    auc: 1.0
    zo_loss: 0.04166666666666663
model_name: JOPLEn
params:
  SquaredFNorm_lam: 5.0552908929139066e-05
  cell_model: CellModel.constant
  loss_fn: LogisticLoss
  max_iters: 100000
  mu: 8.332108142731062
  n_cells: 8
  n_partitions: 10
  partitioner: LinearForestPartition
  random_state: 0
  verbose: false
test_score: 0.5390462458770419
train_time: 0.4058408737182617
val_score: 0.12675936811393718
