contains_categorical: postprocessed
dummy_loss: 12.35782401912588
dummy_metadata:
  auc: 0.5
  zo_loss: 0.34285714285714286
metadata:
  n_epochs: 115
  test:
    auc: 0.9990942028985507
    zo_loss: 0.014285714285714235
  val:
    auc: 0.9739583333333333
    zo_loss: 0.11428571428571432
model_name: JOPLEn
params:
  L1Norm_lam: 8.51880307455022e-05
  cell_model: CellModel.constant
  loss_fn: LogisticLoss
  max_iters: 100000
  mu: 4.577563978129096
  n_cells: 28
  n_partitions: 12
  partitioner: RFPartition
  random_state: 0
  verbose: false
test_score: 0.08239404818013725
train_time: 0.30617785453796387
val_score: 0.21978075555450494
