contains_categorical: postprocessed
dummy_loss: 16.277778949923878
dummy_metadata:
  auc: 0.5
  zo_loss: 0.4516129032258065
metadata:
  n_epochs: 135
  test:
    auc: 0.8802521008403361
    zo_loss: 0.19354838709677424
  val:
    auc: 0.7662337662337663
    zo_loss: 0.3278688524590164
model_name: JOPLEn
params:
  L1Norm_lam: 0.00031732791440233256
  cell_model: CellModel.constant
  loss_fn: LogisticLoss
  max_iters: 100000
  mu: 5.9773241885863
  n_cells: 2
  n_partitions: 48
  partitioner: LinearForestPartition
  random_state: 0
  verbose: false
test_score: 0.4551363805774383
train_time: 0.3687734603881836
val_score: 0.5541233433402369
