contains_categorical: postprocessed
dummy_loss: 0.5721214823669392
dummy_metadata:
  auc: 0.5
  zo_loss: 0.015873015873015928
metadata:
  n_epochs: 132
  test:
    auc: 0.8853046594982079
    zo_loss: 0.02645502645502651
  val:
    auc: 0.7794249775381851
    zo_loss: 0.017241379310344862
model_name: JOPLEn
params:
  SquaredFNorm_lam: 0.0003797995228866103
  SquaredLaplacian_lam: 0.009774907951965305
  SquaredLaplacian_laplacian_type: LaplacianType.LEFT_NORMALIZED
  SquaredLaplacian_sigma: 0.003038724533382855
  cell_model: CellModel.constant
  loss_fn: LogisticLoss
  max_iters: 100000
  mu: 10.0
  n_cells: 17
  n_partitions: 168
  partitioner: VPartition
  random_state: 0
  verbose: false
test_score: 0.07975704624250368
train_time: 0.9163651466369629
val_score: 0.06408347646024155
