contains_categorical: false
dummy_loss: 17.163644471008165
dummy_metadata:
  auc: 0.5
  zo_loss: 0.47619047619047616
metadata:
  n_epochs: 123
  test:
    auc: 0.8545454545454546
    zo_loss: 0.23809523809523814
  val:
    auc: 0.9295454545454546
    zo_loss: 0.1428571428571429
model_name: JOPLEn
params:
  L1Norm_lam: 0.0003064045883458587
  cell_model: CellModel.constant
  loss_fn: LogisticLoss
  max_iters: 100000
  mu: 4.825352673123559
  n_cells: 3
  n_partitions: 356
  partitioner: RFPartition
  random_state: 0
  verbose: false
test_score: 0.5345816348128037
train_time: 0.5723245143890381
val_score: 0.34654529930356853
