contains_categorical: postprocessed
dummy_loss: 16.19352543569032
dummy_metadata:
  auc: 0.5
  zo_loss: 0.4492753623188406
metadata:
  test:
    auc: 0.8539898132427844
    zo_loss: 0.34782608695652173
  val:
    auc: 0.8352139663615074
    zo_loss: 0.26086956521739135
model_name: ExtraTreesClassifier
params:
  criterion: log_loss
  max_depth: 5
  max_features: 1
  max_leaf_nodes: 26
  n_estimators: 11
  random_state: 0
test_score: 0.5927302403913177
train_time: 0.014283895492553711
val_score: 0.5648272503923342
