contains_categorical: postprocessed
dummy_loss: 12.35782401912588
dummy_metadata:
  auc: 0.5
  zo_loss: 0.34285714285714286
metadata:
  n_epochs: 112
  test:
    auc: 0.9134963768115942
    zo_loss: 0.11428571428571432
  val:
    auc: 0.973731884057971
    zo_loss: 0.0714285714285714
model_name: JOPLEn
params:
  GroupInf1Norm_lam: 0.0006306771559184284
  cell_model: CellModel.linear
  loss_fn: LogisticLoss
  max_iters: 100000
  mu: 6.143088621627242
  n_cells: 7
  n_partitions: 72
  partitioner: VPartition
  random_state: 0
  verbose: false
test_score: 0.3353903252260539
train_time: 0.3881833553314209
val_score: 0.1712483129902208
