contains_categorical: false
dummy_loss: 15.769098357738756
dummy_metadata:
  auc: 0.5
  zo_loss: 0.4375
metadata:
  test:
    auc: 0.9488536155202822
    zo_loss: 0.1875
  val:
    auc: 0.9373897707231041
    zo_loss: 0.23958333333333337
model_name: ExtraTreesClassifier
params:
  criterion: log_loss
  max_depth: 5
  max_features: 1
  max_leaf_nodes: 25
  n_estimators: 1000
  random_state: 0
test_score: 0.5844505864420405
train_time: 0.46781373023986816
val_score: 0.5840487562177189
