contains_categorical: false
dummy_loss: 5.570382796499923
dummy_metadata:
  auc: 0.5
  zo_loss: 0.15454545454545454
metadata:
  test:
    auc: 0.9997364537212735
    zo_loss: 0.012121212121212088
  val:
    auc: 0.9999205466391228
    zo_loss: 0.009855951478392688
model_name: RandomForestClassifier
params:
  ccp_alpha: 0.001239235117438225
  criterion: log_loss
  max_depth: 5
  max_leaf_nodes: 20
  n_estimators: 23
  n_jobs: -1
  random_state: 0
test_score: 0.08881091915148145
train_time: 0.06835126876831055
val_score: 0.08746044237737809
