contains_categorical: postprocessed
dummy_loss: 13.01576372384786
dummy_metadata:
  auc: 0.5
  zo_loss: 0.36111111111111116
metadata:
  n_epochs: 4173
  test:
    auc: 0.923076923076923
    zo_loss: 0.16666666666666663
  val:
    auc: 1.0
    zo_loss: 0.014285714285714235
model_name: JOPLEn
params:
  SquaredFNorm_lam: 382.0089998539567
  cell_model: CellModel.linear
  loss_fn: LogisticLoss
  max_iters: 100000
  mu: 1.0
  n_cells: 5
  n_partitions: 1000
  partitioner: VPartition
  random_state: 0
  verbose: false
test_score: 0.9695881363222401
train_time: 11.155083656311035
val_score: 0.020557485019654563
