contains_categorical: false
dummy_loss: 0.9717028215250143
dummy_metadata: {}
metadata:
  test: {}
  val: {}
model_name: MultiTaskTrees
params:
  alpha: 10.0
  batch_size: 128
  depth: 1
  epochs: 10000
  learning_rate: 0.0024409705671007333
  loss_criteria: mse
  num_tasks: 1
  num_trees: 444
  power: 0.0008041095501843691
test_score: 0.559939611910095
train_time: 1.7874236106872559
val_score: 0.5896851489434786
