contains_categorical: false
dummy_loss: 12.638683655924195
dummy_metadata:
  auc: 0.5
  zo_loss: 0.35064935064935066
metadata:
  n_epochs: 105
  test:
    auc: 0.854074074074074
    zo_loss: 0.20779220779220775
  val:
    auc: 0.8322222222222222
    zo_loss: 0.24025974025974028
model_name: JOPLEn
params:
  SquaredFNorm_lam: 0.0036723733247094655
  cell_model: CellModel.linear
  loss_fn: LogisticLoss
  max_iters: 100000
  mu: 1.0
  n_cells: 8
  n_partitions: 10
  partitioner: VPartition
  random_state: 0
  verbose: false
test_score: 0.44562074871399465
train_time: 0.28830695152282715
val_score: 0.4711476003356932
