contains_categorical: false
dummy_loss: 21.626192033470293
dummy_metadata:
  auc: 0.5
  zo_loss: 0.6
metadata:
  test:
    auc: 1.0
    zo_loss: 0.0
  val:
    auc: 0.88
    zo_loss: 0.09999999999999998
model_name: LogisticRegression
params:
  C: 1.5580510033655384
  penalty: l2
  random_state: 0
test_score: 0.11627367549735809
train_time: 0.004854679107666016
val_score: 0.2896627714603104
