contains_categorical: postprocessed
dummy_loss: 16.01940150627429
dummy_metadata:
  auc: 0.5
  zo_loss: 0.4444444444444444
metadata:
  n_epochs: 104
  test:
    auc: 0.85
    zo_loss: 0.2222222222222222
  val:
    auc: 0.8180555555555555
    zo_loss: 0.2777777777777778
model_name: JOPLEn
params:
  L1Norm_lam: 0.0025403923686020463
  cell_model: CellModel.constant
  loss_fn: LogisticLoss
  max_iters: 100000
  mu: 3.0415277888998173
  n_cells: 7
  n_partitions: 10
  partitioner: RFPartition
  random_state: 0
  verbose: false
test_score: 0.49989002490566004
train_time: 0.3193535804748535
val_score: 0.5278070568231215
