contains_categorical: postprocessed
dummy_loss: 16.19352543569032
dummy_metadata:
  auc: 0.5
  zo_loss: 0.4492753623188406
metadata:
  n_epochs: 1107
  test:
    auc: 0.8985568760611206
    zo_loss: 0.1594202898550725
  val:
    auc: 0.9013199914839258
    zo_loss: 0.15217391304347827
model_name: JOPLEn
params:
  SquaredFNorm_lam: 196.67930979642387
  SquaredLaplacian_lam: 0.0013205155150961792
  SquaredLaplacian_laplacian_type: LaplacianType.LEFT_NORMALIZED
  SquaredLaplacian_sigma: 0.015549708357136196
  cell_model: CellModel.linear
  loss_fn: LogisticLoss
  max_iters: 100000
  mu: 5.034212312284662
  n_cells: 4
  n_partitions: 33
  partitioner: LinearForestPartition
  random_state: 0
  verbose: false
test_score: 0.37432013395772473
train_time: 3.4822840690612793
val_score: 0.3825195213346406
