contains_categorical: postprocessed
dummy_loss: 7.20873067782343
dummy_metadata:
  auc: 0.5
  zo_loss: 0.19999999999999996
metadata:
  n_epochs: 129
  test:
    auc: 0.8125
    zo_loss: 0.30000000000000004
  val:
    auc: 0.9066666666666667
    zo_loss: 0.19999999999999996
model_name: JOPLEn
params:
  GroupInf1Norm_lam: 1.73373224052114
  cell_model: CellModel.linear
  loss_fn: LogisticLoss
  max_iters: 100000
  mu: 5.601587440779908
  n_cells: 2
  n_partitions: 358
  partitioner: VPartition
  random_state: 0
  verbose: false
test_score: 0.4083743540114727
train_time: 0.4927239418029785
val_score: 0.31410571865585013
