contains_categorical: false
dummy_loss: 9.301587971385072
dummy_metadata:
  auc: 0.5
  zo_loss: 0.25806451612903225
metadata:
  test:
    auc: 0.8097826086956521
    zo_loss: 0.25806451612903225
  val:
    auc: 0.578125
    zo_loss: 0.27419354838709675
model_name: LogisticRegression
params:
  C: 0.1
  penalty: l2
  random_state: 0
test_score: 0.5233546949850745
train_time: 0.004157543182373047
val_score: 0.5570739271500511
