contains_categorical: postprocessed
dummy_loss: 13.14091529811563
dummy_metadata:
  auc: 0.5
  zo_loss: 0.36458333333333337
metadata:
  n_epochs: 139
  test:
    auc: 0.9845433255269321
    zo_loss: 0.0625
  val:
    auc: 0.9839754919288323
    zo_loss: 0.0625
model_name: JOPLEn
params:
  SquaredFNorm_lam: 0.03831640354575506
  cell_model: CellModel.constant
  loss_fn: LogisticLoss
  max_iters: 100000
  mu: 1.3321272793428132
  n_cells: 16
  n_partitions: 166
  partitioner: LinearForestPartition
  random_state: 0
  verbose: false
test_score: 0.16391760631448535
train_time: 1.2722480297088623
val_score: 0.158790049094739
