contains_categorical: false
dummy_loss: 16.019401506274292
dummy_metadata:
  auc: 0.5
  zo_loss: 0.4444444444444444
metadata:
  n_epochs: 112
  test:
    auc: 0.5
    zo_loss: 0.6666666666666667
  val:
    auc: 0.948051948051948
    zo_loss: 0.16666666666666663
model_name: JOPLEn
params:
  SquaredFNorm_lam: 0.035579472476043275
  cell_model: CellModel.linear
  loss_fn: LogisticLoss
  max_iters: 100000
  mu: 9.075065159287552
  n_cells: 2
  n_partitions: 250
  partitioner: LinearForestPartition
  random_state: 0
  verbose: false
test_score: 0.7846147743095847
train_time: 0.42840075492858887
val_score: 0.3712634485172838
