contains_categorical: false
dummy_loss: 17.506917360428332
dummy_metadata:
  auc: 0.5
  zo_loss: 0.48571428571428577
metadata:
  n_epochs: 104
  test:
    auc: 0.696078431372549
    zo_loss: 0.34285714285714286
  val:
    auc: 0.6075630252100841
    zo_loss: 0.4492753623188406
model_name: JOPLEn
params:
  Group21Norm_lam: 76.68860596159186
  cell_model: CellModel.linear
  loss_fn: LogisticLoss
  max_iters: 100000
  mu: 1.0
  n_cells: 13
  n_partitions: 15
  partitioner: VPartition
  random_state: 0
  verbose: false
test_score: 0.6307844780399108
train_time: 0.29222750663757324
val_score: 0.6731975124747055
