contains_categorical: postprocessed
dummy_loss: 2.1633525431921794
dummy_metadata:
  auc: 0.5
  zo_loss: 0.0600203458799593
metadata:
  n_epochs: 590
  test:
    auc: 0.6359417418739453
    zo_loss: 0.0600203458799593
  val:
    auc: 0.643231843394357
    zo_loss: 0.05960264900662249
model_name: JOPLEn
params:
  L1Norm_lam: 1.0e-05
  cell_model: CellModel.constant
  loss_fn: LogisticLoss
  max_iters: 100000
  mu: 6.87935491970237
  n_cells: 26
  n_partitions: 325
  partitioner: VPartition
  random_state: 0
  verbose: false
test_score: 0.22138485771300967
train_time: 10.62667965888977
val_score: 0.21807102898959346
