contains_categorical: postprocessed
dummy_loss: 13.63813912020649
dummy_metadata:
  auc: 0.5
  zo_loss: 0.3783783783783784
metadata:
  n_epochs: 235
  test:
    auc: 0.6273291925465839
    zo_loss: 0.32432432432432434
  val:
    auc: 0.6871552403467297
    zo_loss: 0.33783783783783783
model_name: JOPLEn
params:
  SquaredFNorm_lam: 293.8583752753469
  SquaredLaplacian_lam: 0.0009070068030185903
  SquaredLaplacian_laplacian_type: LaplacianType.LEFT_NORMALIZED
  SquaredLaplacian_sigma: 0.0008346802867593025
  cell_model: CellModel.linear
  loss_fn: LogisticLoss
  max_iters: 100000
  mu: 1.0
  n_cells: 7
  n_partitions: 48
  partitioner: VPartition
  random_state: 0
  verbose: false
test_score: 0.6536860436278665
train_time: 0.7640426158905029
val_score: 0.6088204599163476
