contains_categorical: postprocessed
dummy_loss: 13.21600624267629
dummy_metadata:
  auc: 0.5
  zo_loss: 0.3666666666666667
metadata:
  n_epochs: 127
  test:
    auc: 0.84688995215311
    zo_loss: 0.1333333333333333
  val:
    auc: 0.8408521303258145
    zo_loss: 0.15254237288135597
model_name: JOPLEn
params:
  SquaredFNorm_lam: 12.85074352169209
  SquaredLaplacian_lam: 8.378556033411034e-05
  SquaredLaplacian_laplacian_type: LaplacianType.LEFT_NORMALIZED
  SquaredLaplacian_sigma: 0.058807338136073216
  cell_model: CellModel.linear
  loss_fn: LogisticLoss
  max_iters: 100000
  mu: 3.828472540421914
  n_cells: 11
  n_partitions: 10
  partitioner: GBPartition
  random_state: 0
  verbose: false
test_score: 0.420781717337673
train_time: 0.40569400787353516
val_score: 0.4550757578848163
