contains_categorical: false
dummy_loss: 10.2981866826049
dummy_metadata:
  auc: 0.5
  zo_loss: 0.2857142857142857
metadata:
  test:
    auc: 0.912
    zo_loss: 0.19999999999999996
  val:
    auc: 0.9607843137254902
    zo_loss: 0.11428571428571432
model_name: GradientBoostingClassifier
params:
  ccp_alpha: 1.0e-05
  criterion: friedman_mse
  learning_rate: 0.3379485008844486
  loss: log_loss
  max_depth: 3
  max_leaf_nodes: 2
  n_estimators: 439
  random_state: 0
test_score: 0.4189409784678765
train_time: 0.3468043804168701
val_score: 0.20945999099680043
