contains_categorical: postprocessed
dummy_loss: 16.01940150627429
dummy_metadata:
  auc: 0.5
  zo_loss: 0.4444444444444444
metadata:
  n_epochs: 43
  test:
    auc: 0.861111111111111
    zo_loss: 0.2222222222222222
  val:
    auc: 0.8347222222222223
    zo_loss: 0.2777777777777778
model_name: JOPLEn
params:
  Group21Norm_lam: 0.021043648118949577
  cell_model: CellModel.linear
  loss_fn: LogisticLoss
  max_iters: 100000
  mu: 4.921560156950793
  n_cells: 2
  n_partitions: 1000
  partitioner: RFPartition
  random_state: 0
  verbose: false
test_score: 0.48854900277925983
train_time: 0.8118219375610352
val_score: 0.5045167937768686
