contains_categorical: false
dummy_loss: 13.27924072230632
dummy_metadata:
  auc: 0.5
  zo_loss: 0.368421052631579
metadata:
  n_epochs: 350
  test:
    auc: 0.9642857142857142
    zo_loss: 0.052631578947368474
  val:
    auc: 0.9990173599737964
    zo_loss: 0.02631578947368418
model_name: JOPLEn
params:
  L1Norm_lam: 3.97303438206987e-05
  cell_model: CellModel.constant
  loss_fn: LogisticLoss
  max_iters: 100000
  mu: 0.8459445041257255
  n_cells: 22
  n_partitions: 154
  partitioner: RFPartition
  random_state: 0
  verbose: false
test_score: 0.3766880410271188
train_time: 1.3131828308105469
val_score: 0.05098850232687056
