contains_categorical: false
dummy_loss: 9.301587971385072
dummy_metadata:
  auc: 0.5
  zo_loss: 0.25806451612903225
metadata:
  test:
    auc: 0.7934782608695652
    zo_loss: 0.29032258064516125
  val:
    auc: 0.7289402173913044
    zo_loss: 0.22580645161290325
model_name: RandomForestClassifier
params:
  ccp_alpha: 0.00802620566932398
  criterion: log_loss
  max_depth: 3
  max_leaf_nodes: 29
  n_estimators: 10
  n_jobs: -1
  random_state: 0
test_score: 0.5302433915221209
train_time: 0.039385080337524414
val_score: 0.5092384198562594
