contains_categorical: false
dummy_loss: 17.163644471008165
dummy_metadata:
  auc: 0.5
  zo_loss: 0.47619047619047616
metadata:
  n_epochs: 1438
  test:
    auc: 0.9818181818181817
    zo_loss: 0.09523809523809523
  val:
    auc: 0.9545454545454545
    zo_loss: 0.11904761904761907
model_name: JOPLEn
params:
  L1Norm_lam: 0.00012723069147125922
  cell_model: CellModel.constant
  loss_fn: LogisticLoss
  max_iters: 100000
  mu: 1.0e-05
  n_cells: 32
  n_partitions: 1000
  partitioner: VPartition
  random_state: 0
  verbose: false
test_score: 0.24466140862366126
train_time: 4.333024501800537
val_score: 0.2625810330461619
