contains_categorical: postprocessed
dummy_loss: 12.35782401912588
dummy_metadata:
  auc: 0.5
  zo_loss: 0.34285714285714286
metadata:
  n_epochs: 113
  test:
    auc: 0.913949275362319
    zo_loss: 0.11428571428571432
  val:
    auc: 0.9747509057971014
    zo_loss: 0.0714285714285714
model_name: JOPLEn
params:
  L1Norm_lam: 1.0e-05
  cell_model: CellModel.constant
  loss_fn: LogisticLoss
  max_iters: 100000
  mu: 8.121586870900313
  n_cells: 6
  n_partitions: 201
  partitioner: VPartition
  random_state: 0
  verbose: false
test_score: 0.4136019635667143
train_time: 0.38959574699401855
val_score: 0.17012850166262974
