contains_categorical: postprocessed
dummy_loss: 2.1633525431921794
dummy_metadata:
  auc: 0.5
  zo_loss: 0.0600203458799593
metadata:
  n_epochs: 235
  test:
    auc: 0.6415089148139996
    zo_loss: 0.0600203458799593
  val:
    auc: 0.6438291153892454
    zo_loss: 0.05960264900662249
model_name: JOPLEn
params:
  GroupInf1Norm_lam: 9.027470812423341e-05
  cell_model: CellModel.linear
  loss_fn: LogisticLoss
  max_iters: 100000
  mu: 1.0
  n_cells: 26
  n_partitions: 333
  partitioner: VPartition
  random_state: 0
  verbose: false
test_score: 0.22091065950594407
train_time: 5.030040264129639
val_score: 0.21801368303392196
