contains_categorical: postprocessed
dummy_loss: 16.01940150627429
dummy_metadata:
  auc: 0.5
  zo_loss: 0.4444444444444444
metadata:
  n_epochs: 107
  test:
    auc: 0.8166666666666667
    zo_loss: 0.2222222222222222
  val:
    auc: 0.8722222222222222
    zo_loss: 0.16666666666666663
model_name: JOPLEn
params:
  SquaredFNorm_lam: 0.0005935147824528177
  cell_model: CellModel.linear
  loss_fn: LogisticLoss
  max_iters: 100000
  mu: 1.0
  n_cells: 2
  n_partitions: 10
  partitioner: VPartition
  random_state: 0
  verbose: false
test_score: 0.5650376336467925
train_time: 0.2858772277832031
val_score: 0.43313979528230767
