contains_categorical: postprocessed
dummy_loss: 1.7055356493273102
dummy_metadata:
  auc: 0.5
  zo_loss: 0.04731861198738174
metadata:
  n_epochs: 527
  test:
    auc: 0.9906181015452539
    zo_loss: 0.02208201892744477
  val:
    auc: 0.9870431893687707
    zo_loss: 0.01898734177215189
model_name: JOPLEn
params:
  L1Norm_lam: 0.0020496769301494287
  cell_model: CellModel.constant
  loss_fn: LogisticLoss
  max_iters: 100000
  mu: 6.292561580227174
  n_cells: 32
  n_partitions: 191
  partitioner: RFPartition
  random_state: 0
  verbose: false
test_score: 0.05797470482964866
train_time: 3.0080230236053467
val_score: 0.06046510030684152
