contains_categorical: postprocessed
dummy_loss: 16.19352543569032
dummy_metadata:
  auc: 0.5
  zo_loss: 0.4492753623188406
metadata:
  n_epochs: 1542
  test:
    auc: 0.8565365025466893
    zo_loss: 0.18840579710144922
  val:
    auc: 0.9280391739408131
    zo_loss: 0.1376811594202898
model_name: JOPLEn
params:
  L1Norm_lam: 0.00011896491832420076
  cell_model: CellModel.constant
  loss_fn: LogisticLoss
  max_iters: 100000
  mu: 1.0e-05
  n_cells: 16
  n_partitions: 404
  partitioner: LinearForestPartition
  random_state: 0
  verbose: false
test_score: 0.4820581085456747
train_time: 4.243314981460571
val_score: 0.32096279046183585
