contains_categorical: postprocessed
dummy_loss: 16.19352543569032
dummy_metadata:
  auc: 0.5
  zo_loss: 0.4492753623188406
metadata:
  n_epochs: 246
  test:
    auc: 0.8539898132427843
    zo_loss: 0.18840579710144922
  val:
    auc: 0.9276133702363211
    zo_loss: 0.1376811594202898
model_name: JOPLEn
params:
  GroupInf1Norm_lam: 0.00016776371017274223
  SquaredFNorm_lam: 0.00012573691938080894
  cell_model: CellModel.linear
  loss_fn: LogisticLoss
  max_iters: 100000
  n_cells: 16
  n_partitions: 402
  partitioner: LinearForestPartition
  random_state: 0
  verbose: false
test_score: 0.4844884593541222
train_time: 1.4024395942687988
val_score: 0.32128370770806036
