contains_categorical: postprocessed
dummy_loss: 7.20873067782343
dummy_metadata:
  auc: 0.5
  zo_loss: 0.19999999999999996
metadata:
  n_epochs: 36
  test:
    auc: 1.0
    zo_loss: 0.0
  val:
    auc: 0.9333333333333333
    zo_loss: 0.10526315789473684
model_name: JOPLEn
params:
  Group21Norm_lam: 9.24495217513186e-05
  cell_model: CellModel.linear
  loss_fn: LogisticLoss
  max_iters: 100000
  mu: 6.673709265914768
  n_cells: 19
  n_partitions: 1000
  partitioner: RFPartition
  random_state: 0
  verbose: false
test_score: 0.025649447078996968
train_time: 0.7666447162628174
val_score: 0.2930735983181859
