contains_categorical: postprocessed
dummy_loss: 0.5721214823669392
dummy_metadata:
  auc: 0.5
  zo_loss: 0.015873015873015928
metadata:
  n_epochs: 151
  test:
    auc: 0.974462365591398
    zo_loss: 0.01851851851851849
  val:
    auc: 0.89937106918239
    zo_loss: 0.009283819628647216
model_name: JOPLEn
params:
  SquaredFNorm_lam: 1.9116833711121506
  cell_model: CellModel.linear
  loss_fn: LogisticLoss
  max_iters: 100000
  mu: 10.0
  n_cells: 6
  n_partitions: 76
  partitioner: RFPartition
  random_state: 0
  verbose: false
test_score: 0.05109006981464522
train_time: 0.5563497543334961
val_score: 0.044480481797710233
