contains_categorical: false
dummy_loss: 16.961719241937484
dummy_metadata:
  auc: 0.5
  zo_loss: 0.47058823529411764
metadata:
  n_epochs: 108
  test:
    auc: 1.0
    zo_loss: 0.05882352941176472
  val:
    auc: 0.9037037037037037
    zo_loss: 0.1515151515151515
model_name: JOPLEn
params:
  GroupInf1Norm_lam: 0.0037754859684139253
  cell_model: CellModel.linear
  loss_fn: LogisticLoss
  max_iters: 100000
  mu: 1.0
  n_cells: 6
  n_partitions: 1000
  partitioner: VPartition
  random_state: 0
  verbose: false
test_score: 0.259819752959545
train_time: 0.7740228176116943
val_score: 0.4138895018057561
