contains_categorical: false
dummy_loss: 12.638683655924195
dummy_metadata:
  auc: 0.5
  zo_loss: 0.35064935064935066
metadata:
  n_epochs: 125
  test:
    auc: 0.8577777777777778
    zo_loss: 0.18181818181818177
  val:
    auc: 0.8674074074074074
    zo_loss: 0.19480519480519476
model_name: JOPLEn
params:
  Group21Norm_lam: 1.1759936957006623
  cell_model: CellModel.linear
  loss_fn: LogisticLoss
  max_iters: 100000
  mu: 5.623134140027248
  n_cells: 11
  n_partitions: 733
  partitioner: RFPartition
  random_state: 0
  verbose: false
test_score: 0.44354124511599136
train_time: 1.2223546504974365
val_score: 0.4258408382222171
