contains_categorical: postprocessed
dummy_loss: 1.7055356493273102
dummy_metadata:
  auc: 0.5
  zo_loss: 0.04731861198738174
metadata:
  n_epochs: 233
  test:
    auc: 0.990066225165563
    zo_loss: 0.025236593059936863
  val:
    auc: 0.9794019933554817
    zo_loss: 0.022151898734177222
model_name: JOPLEn
params:
  SquaredFNorm_lam: 248.79705058358107
  cell_model: CellModel.linear
  loss_fn: LogisticLoss
  max_iters: 100000
  mu: 5.167398584294432
  n_cells: 32
  n_partitions: 500
  partitioner: LinearForestPartition
  random_state: 0
  verbose: false
test_score: 0.06855468586863295
train_time: 4.31862211227417
val_score: 0.07694635865271887
