contains_categorical: false
dummy_loss: 18.021826694558577
dummy_metadata:
  auc: 0.5
  zo_loss: 0.5
metadata:
  n_epochs: 107
  test:
    auc: 0.6666666666666667
    zo_loss: 0.33333333333333337
  val:
    auc: 0.9666666666666668
    zo_loss: 0.09090909090909094
model_name: JOPLEn
params:
  SquaredFNorm_lam: 0.002459684981078518
  SquaredLaplacian_lam: 0.0020292109621102656
  SquaredLaplacian_laplacian_type: LaplacianType.LEFT_NORMALIZED
  SquaredLaplacian_sigma: 1.0452358005786568
  cell_model: CellModel.linear
  loss_fn: LogisticLoss
  max_iters: 100000
  mu: 1.0
  n_cells: 19
  n_partitions: 10
  partitioner: VPartition
  random_state: 0
  verbose: false
test_score: 0.6342462368869116
train_time: 0.3595404624938965
val_score: 0.21910404386873086
