contains_categorical: false
dummy_loss: 14.229815437785946
dummy_metadata:
  auc: 0.5
  zo_loss: 0.3947939262472885
metadata:
  n_epochs: 144
  test:
    auc: 0.9616960100831069
    zo_loss: 0.0780911062906724
  val:
    auc: 0.9812966593397889
    zo_loss: 0.05326086956521736
model_name: JOPLEn
params:
  SquaredFNorm_lam: 0.00037412461439424683
  cell_model: CellModel.constant
  loss_fn: LogisticLoss
  max_iters: 100000
  mu: 10.0
  n_cells: 32
  n_partitions: 1000
  partitioner: VPartition
  random_state: 0
  verbose: false
test_score: 0.2601068740373662
train_time: 8.013275146484375
val_score: 0.16527053472250175
