contains_categorical: false
dummy_loss: 18.021826694558573
dummy_metadata:
  auc: 0.5
  zo_loss: 0.5
metadata:
  n_epochs: 4885
  test:
    auc: 0.9002956194571352
    zo_loss: 0.21311475409836067
  val:
    auc: 0.8705006488627827
    zo_loss: 0.2727272727272727
model_name: JOPLEn
params:
  SquaredFNorm_lam: 1.0e-05
  cell_model: CellModel.linear
  loss_fn: LogisticLoss
  max_iters: 100000
  mu: 1.0
  n_cells: 2
  n_partitions: 10
  partitioner: VPartition
  random_state: 0
  verbose: false
test_score: 0.4486699654207558
train_time: 12.775851249694824
val_score: 0.49020536176567364
