contains_categorical: postprocessed
dummy_loss: 13.63813912020649
dummy_metadata:
  auc: 0.5
  zo_loss: 0.3783783783783784
metadata:
  n_epochs: 856
  test:
    auc: 0.7313664596273293
    zo_loss: 0.3513513513513513
  val:
    auc: 0.685579196217494
    zo_loss: 0.33783783783783783
model_name: JOPLEn
params:
  Group21Norm_lam: 1000.0
  SquaredFNorm_lam: 0.47354722937690513
  cell_model: CellModel.linear
  loss_fn: LogisticLoss
  max_iters: 100000
  n_cells: 2
  n_partitions: 10
  partitioner: LinearForestPartition
  random_state: 0
  verbose: false
test_score: 0.5905446540130681
train_time: 2.9006755352020264
val_score: 0.6045437286195912
