contains_categorical: postprocessed
dummy_loss: 2.1633525431921794
dummy_metadata:
  auc: 0.5
  zo_loss: 0.0600203458799593
metadata:
  n_epochs: 195
  test:
    auc: 0.6442237141389684
    zo_loss: 0.0600203458799593
  val:
    auc: 0.6503991073330185
    zo_loss: 0.05960264900662249
model_name: JOPLEn
params:
  Group21Norm_lam: 9.372609568400081
  cell_model: CellModel.linear
  loss_fn: LogisticLoss
  max_iters: 100000
  mu: 1.0
  n_cells: 26
  n_partitions: 175
  partitioner: VPartition
  random_state: 0
  verbose: false
test_score: 0.22178959046629565
train_time: 2.5053720474243164
val_score: 0.2176113750043651
