contains_categorical: postprocessed
dummy_loss: 12.35782401912588
dummy_metadata:
  auc: 0.5
  zo_loss: 0.34285714285714286
metadata:
  n_epochs: 134
  test:
    auc: 1.0
    zo_loss: 0.02857142857142858
  val:
    auc: 0.980185688405797
    zo_loss: 0.09999999999999998
model_name: JOPLEn
params:
  SquaredFNorm_lam: 0.0006589796672688837
  SquaredLaplacian_lam: 0.041412049603676025
  SquaredLaplacian_laplacian_type: LaplacianType.LEFT_NORMALIZED
  SquaredLaplacian_sigma: 0.001285773162038745
  cell_model: CellModel.constant
  loss_fn: LogisticLoss
  max_iters: 100000
  mu: 10.0
  n_cells: 19
  n_partitions: 208
  partitioner: GBPartition
  random_state: 0
  verbose: false
test_score: 0.07259372630585292
train_time: 0.5730311870574951
val_score: 0.19675743875191892
