contains_categorical: postprocessed
dummy_loss: 0.5721214823669392
dummy_metadata:
  auc: 0.5
  zo_loss: 0.015873015873015928
metadata:
  n_epochs: 164
  test:
    auc: 0.9733422939068099
    zo_loss: 0.01851851851851849
  val:
    auc: 0.9001572327044025
    zo_loss: 0.011936339522546469
model_name: JOPLEn
params:
  SquaredFNorm_lam: 0.010857293954813487
  SquaredLaplacian_lam: 2.9805642089969366e-05
  SquaredLaplacian_laplacian_type: LaplacianType.NORMALIZED
  SquaredLaplacian_sigma: 0.0007857301405154722
  cell_model: CellModel.constant
  loss_fn: LogisticLoss
  max_iters: 100000
  mu: 1.3811887704702812
  n_cells: 8
  n_partitions: 224
  partitioner: LinearForestPartition
  random_state: 0
  verbose: false
test_score: 0.05119306687241426
train_time: 1.4399669170379639
val_score: 0.045917553930745314
