contains_categorical: postprocessed
dummy_loss: 6.007275564852859
dummy_metadata:
  auc: 0.5
  zo_loss: 0.16666666666666663
metadata:
  n_epochs: 135
  test:
    auc: 0.5777777777777777
    zo_loss: 0.16666666666666663
  val:
    auc: 0.6064516129032258
    zo_loss: 0.13888888888888884
model_name: JOPLEn
params:
  SquaredFNorm_lam: 57.841402626351055
  cell_model: CellModel.linear
  loss_fn: LogisticLoss
  max_iters: 100000
  mu: 7.506774209942116
  n_cells: 2
  n_partitions: 15
  partitioner: LinearForestPartition
  random_state: 0
  verbose: false
test_score: 0.45705520803949157
train_time: 0.3514533042907715
val_score: 0.3975341541855981
