contains_categorical: postprocessed
dummy_loss: 16.19352543569032
dummy_metadata:
  auc: 0.5
  zo_loss: 0.4492753623188406
metadata:
  n_epochs: 109
  test:
    auc: 0.8616298811544991
    zo_loss: 0.2028985507246377
  val:
    auc: 0.9280391739408133
    zo_loss: 0.13043478260869568
model_name: JOPLEn
params:
  SquaredFNorm_lam: 0.0089761783493198
  SquaredLaplacian_lam: 3.718182467055453e-05
  SquaredLaplacian_laplacian_type: LaplacianType.NORMALIZED
  SquaredLaplacian_sigma: 0.043807523499710184
  cell_model: CellModel.constant
  loss_fn: LogisticLoss
  max_iters: 100000
  mu: 1.7429321740788073
  n_cells: 16
  n_partitions: 426
  partitioner: LinearForestPartition
  random_state: 0
  verbose: false
test_score: 0.47631928646808996
train_time: 0.8704619407653809
val_score: 0.32327491080381887
