contains_categorical: false
dummy_loss: 18.74269976234092
dummy_metadata:
  auc: 0.5
  zo_loss: 0.52
metadata:
  test:
    auc: 0.951923076923077
    zo_loss: 0.16000000000000003
  val:
    auc: 0.9576
    zo_loss: 0.09999999999999998
model_name: GradientBoostingClassifier
params:
  ccp_alpha: 0.00021165917475360493
  criterion: friedman_mse
  learning_rate: 0.15912121808929303
  loss: log_loss
  max_depth: 1
  max_leaf_nodes: 16
  n_estimators: 234
  random_state: 0
test_score: 0.355181269732874
train_time: 0.06086397171020508
val_score: 0.2752674778607368
