contains_categorical: false
dummy_loss: 13.279240722306321
dummy_metadata:
  auc: 0.5
  zo_loss: 0.368421052631579
metadata:
  n_epochs: 1221
  test:
    auc: 0.9775132275132276
    zo_loss: 0.08771929824561409
  val:
    auc: 0.9911562397641663
    zo_loss: 0.06140350877192979
model_name: JOPLEn
params:
  SquaredFNorm_lam: 353.19711156608895
  SquaredLaplacian_lam: 1.0399592407674319e-05
  SquaredLaplacian_laplacian_type: LaplacianType.LEFT_NORMALIZED
  SquaredLaplacian_sigma: 0.5855917087877941
  cell_model: CellModel.linear
  loss_fn: LogisticLoss
  max_iters: 100000
  mu: 1.0
  n_cells: 24
  n_partitions: 10
  partitioner: VPartition
  random_state: 0
  verbose: false
test_score: 0.2209045562788943
train_time: 4.410917043685913
val_score: 0.11710443072257132
