contains_categorical: postprocessed
dummy_loss: 16.19352543569032
dummy_metadata:
  auc: 0.5
  zo_loss: 0.4492753623188406
metadata:
  n_epochs: 108
  test:
    auc: 0.8705432937181663
    zo_loss: 0.17391304347826086
  val:
    auc: 0.8814136682989141
    zo_loss: 0.1811594202898551
model_name: JOPLEn
params:
  SquaredFNorm_lam: 2.7898073313203415e-05
  cell_model: CellModel.constant
  loss_fn: LogisticLoss
  max_iters: 100000
  mu: 2.7184876254663615
  n_cells: 16
  n_partitions: 10
  partitioner: LinearForestPartition
  random_state: 0
  verbose: false
test_score: 0.4355417777158791
train_time: 0.40500497817993164
val_score: 0.41976996512289416
