contains_categorical: postprocessed
dummy_loss: 2.669900251045715
dummy_metadata:
  auc: 0.5
  zo_loss: 0.07407407407407407
metadata:
  test:
    auc: 1.0
    zo_loss: 0.07407407407407407
  val:
    auc: 0.9999999999999999
    zo_loss: 0.0
model_name: XGBClassifier
params:
  early_stopping_rounds: 46
  learning_rate: 0.34537493965395255
  max_leaves: 30
  n_estimators: 1000
  objective: reg:logistic
  random_state: 0
  reg_alpha: 0.0006482973961077105
  reg_lambda: 10.0
  verbosity: 0
test_score: 0.1788409927716654
train_time: 1.0180151462554932
val_score: 0.009694839930007977
