contains_categorical: false
dummy_loss: 9.301587971385072
dummy_metadata:
  auc: 0.5
  zo_loss: 0.25806451612903225
metadata:
  n_epochs: 542
  test:
    auc: 0.7282608695652174
    zo_loss: 0.32258064516129037
  val:
    auc: 0.703125
    zo_loss: 0.24193548387096775
model_name: JOPLEn
params:
  SquaredFNorm_lam: 1000.0
  cell_model: CellModel.linear
  loss_fn: LogisticLoss
  max_iters: 100000
  mu: 1.0
  n_cells: 19
  n_partitions: 10
  partitioner: VPartition
  random_state: 0
  verbose: false
test_score: 0.5380329463333373
train_time: 1.3644425868988037
val_score: 0.5266271488903428
