contains_categorical: false
dummy_loss: 18.021826694558573
dummy_metadata:
  auc: 0.5
  zo_loss: 0.5
metadata:
  n_epochs: 108
  test:
    auc: 0.4267669981187852
    zo_loss: 0.5901639344262295
  val:
    auc: 0.5869134621952052
    zo_loss: 0.4421487603305785
model_name: JOPLEn
params:
  GroupInf1Norm_lam: 1.0e-05
  cell_model: CellModel.linear
  loss_fn: LogisticLoss
  max_iters: 100000
  mu: 6.9133720262298075
  n_cells: 22
  n_partitions: 601
  partitioner: VPartition
  random_state: 0
  verbose: false
test_score: 0.7149735949217674
train_time: 1.5135228633880615
val_score: 0.6793559263538964
