contains_categorical: false
dummy_loss: 94.81560890976387
dummy_metadata: {}
metadata:
  test: {}
  val: {}
model_name: MultiTaskTrees
params:
  alpha: 0.5783044394042045
  batch_size: 512
  depth: 3
  epochs: 10000
  learning_rate: 0.019370821266352554
  loss_criteria: mse
  num_tasks: 1
  num_trees: 442
  power: 0.051798013533602964
test_score: 1603.8012372518285
train_time: 3.937328815460205
val_score: 1589.3803861169524
