contains_categorical: false
dummy_loss: 18.021826694558577
dummy_metadata:
  auc: 0.5
  zo_loss: 0.5
metadata:
  test:
    auc: 0.9952520087655222
    zo_loss: 0.02837837837837842
  val:
    auc: 0.9946787111875068
    zo_loss: 0.037187288708586896
model_name: ExtraTreesClassifier
params:
  criterion: log_loss
  max_depth: 5
  max_features: 1
  max_leaf_nodes: 27
  n_estimators: 85
  random_state: 0
test_score: 0.51548241632017
train_time: 0.0807332992553711
val_score: 0.5212000316888132
