contains_categorical: postprocessed
dummy_loss: 12.35782401912588
dummy_metadata:
  auc: 0.5
  zo_loss: 0.34285714285714286
metadata:
  n_epochs: 117
  test:
    auc: 1.0
    zo_loss: 0.0
  val:
    auc: 0.9499547101449276
    zo_loss: 0.07857142857142863
model_name: JOPLEn
params:
  Group21Norm_lam: 7.321619348991883e-05
  SquaredFNorm_lam: 4.640387791865706e-05
  cell_model: CellModel.linear
  loss_fn: LogisticLoss
  max_iters: 100000
  n_cells: 8
  n_partitions: 931
  partitioner: LinearForestPartition
  random_state: 0
  verbose: false
test_score: 0.09431827467338179
train_time: 1.274057388305664
val_score: 0.24515708113173104
