contains_categorical: postprocessed
dummy_loss: 11.15636890615531
dummy_metadata:
  auc: 0.5
  zo_loss: 0.30952380952380953
metadata:
  n_epochs: 109
  test:
    auc: 0.6229177718832891
    zo_loss: 0.27142857142857146
  val:
    auc: 0.6497623223772848
    zo_loss: 0.28809523809523807
model_name: JOPLEn
params:
  SquaredFNorm_lam: 3.945263527248295e-05
  SquaredLaplacian_lam: 0.000618937369725298
  SquaredLaplacian_laplacian_type: LaplacianType.NORMALIZED
  SquaredLaplacian_sigma: 62.743203047262206
  cell_model: CellModel.constant
  loss_fn: LogisticLoss
  max_iters: 100000
  mu: 7.220666632619971
  n_cells: 13
  n_partitions: 29
  partitioner: VPartition
  random_state: 0
  verbose: false
test_score: 0.5851225427160607
train_time: 0.42769479751586914
val_score: 0.5906995049637274
