contains_categorical: postprocessed
dummy_loss: 15.44728002390735
dummy_metadata:
  auc: 0.5
  zo_loss: 0.4285714285714286
metadata:
  n_epochs: 216
  test:
    auc: 0.9791666666666667
    zo_loss: 0.0714285714285714
  val:
    auc: 0.8708791208791209
    zo_loss: 0.18518518518518523
model_name: JOPLEn
params:
  SquaredFNorm_lam: 0.0009888113309594855
  SquaredLaplacian_lam: 1.0e-05
  SquaredLaplacian_laplacian_type: LaplacianType.LEFT_NORMALIZED
  SquaredLaplacian_sigma: 80.22147085063482
  cell_model: CellModel.constant
  loss_fn: LogisticLoss
  max_iters: 100000
  mu: 8.993393726312988
  n_cells: 2
  n_partitions: 234
  partitioner: GBPartition
  random_state: 0
  verbose: false
test_score: 0.21351452934032195
train_time: 0.7565097808837891
val_score: 0.44918852310574137
