contains_categorical: postprocessed
dummy_loss: 16.19352543569032
dummy_metadata:
  auc: 0.5
  zo_loss: 0.4492753623188406
metadata:
  n_epochs: 120
  test:
    auc: 0.8378607809847198
    zo_loss: 0.23188405797101452
  val:
    auc: 0.9167553757717692
    zo_loss: 0.12318840579710144
model_name: JOPLEn
params:
  SquaredFNorm_lam: 0.0018972159859839519
  SquaredLaplacian_lam: 1.0e-05
  SquaredLaplacian_laplacian_type: LaplacianType.NORMALIZED
  SquaredLaplacian_sigma: 0.00010903040812750707
  cell_model: CellModel.constant
  loss_fn: LogisticLoss
  max_iters: 100000
  mu: 1.1911781029332065
  n_cells: 30
  n_partitions: 640
  partitioner: GBPartition
  random_state: 0
  verbose: false
test_score: 0.4827172141441668
train_time: 1.3371303081512451
val_score: 0.3357476243810483
