contains_categorical: postprocessed
dummy_loss: 13.216006242676288
dummy_metadata:
  auc: 0.5
  zo_loss: 0.3666666666666667
metadata:
  n_epochs: 106
  test:
    auc: 0.84688995215311
    zo_loss: 0.1333333333333333
  val:
    auc: 0.8596491228070176
    zo_loss: 0.1694915254237288
model_name: JOPLEn
params:
  SquaredFNorm_lam: 8.615174112825079e-05
  SquaredLaplacian_lam: 0.006593297805058086
  SquaredLaplacian_laplacian_type: LaplacianType.STANDARD
  SquaredLaplacian_sigma: 1000.0
  cell_model: CellModel.linear
  loss_fn: LogisticLoss
  max_iters: 100000
  mu: 1.0
  n_cells: 2
  n_partitions: 40
  partitioner: VPartition
  random_state: 0
  verbose: false
test_score: 0.4107429910223318
train_time: 0.7419395446777344
val_score: 0.46940957661532606
