contains_categorical: postprocessed
dummy_loss: 12.35782401912588
dummy_metadata:
  auc: 0.5
  zo_loss: 0.34285714285714286
metadata:
  n_epochs: 109
  test:
    auc: 0.9144021739130436
    zo_loss: 0.09999999999999998
  val:
    auc: 0.9757699275362318
    zo_loss: 0.05714285714285716
model_name: JOPLEn
params:
  Group21Norm_lam: 1000.0
  cell_model: CellModel.linear
  loss_fn: LogisticLoss
  max_iters: 100000
  mu: 1.0
  n_cells: 7
  n_partitions: 53
  partitioner: VPartition
  random_state: 0
  verbose: false
test_score: 0.31734593625946833
train_time: 0.3259420394897461
val_score: 0.16347242353159944
