contains_categorical: postprocessed
dummy_loss: 13.63813912020649
dummy_metadata:
  auc: 0.5
  zo_loss: 0.3783783783783784
metadata:
  n_epochs: 110
  test:
    auc: 0.6832298136645962
    zo_loss: 0.32432432432432434
  val:
    auc: 0.6824271079590228
    zo_loss: 0.32432432432432434
model_name: JOPLEn
params:
  Group21Norm_lam: 34.958155433504395
  cell_model: CellModel.linear
  loss_fn: LogisticLoss
  max_iters: 100000
  mu: 1.0
  n_cells: 18
  n_partitions: 10
  partitioner: VPartition
  random_state: 0
  verbose: false
test_score: 0.6142243799676371
train_time: 0.3084897994995117
val_score: 0.6039699564321096
