contains_categorical: postprocessed
dummy_loss: 10.813096016735146
dummy_metadata:
  auc: 0.5
  zo_loss: 0.30000000000000004
metadata:
  test:
    auc: 0.6009523809523809
    zo_loss: 0.30000000000000004
  val:
    auc: 0.7270238095238095
    zo_loss: 0.28500000000000003
model_name: ExtraTreesClassifier
params:
  criterion: log_loss
  max_depth: 5
  max_features: 1
  max_leaf_nodes: 32
  n_estimators: 581
  random_state: 0
test_score: 0.5978210084276018
train_time: 0.32104921340942383
val_score: 0.5663921083353888
