contains_categorical: false
dummy_loss: 13.279240722306321
dummy_metadata:
  auc: 0.5
  zo_loss: 0.368421052631579
metadata:
  test:
    auc: 0.9920634920634921
    zo_loss: 0.052631578947368474
  val:
    auc: 0.9924664264657713
    zo_loss: 0.06140350877192979
model_name: RandomForestClassifier
params:
  ccp_alpha: 0.005448101685821038
  criterion: log_loss
  max_depth: 5
  max_leaf_nodes: 30
  n_estimators: 25
  n_jobs: -1
  random_state: 0
test_score: 0.1265037028770532
train_time: 0.05923724174499512
val_score: 0.12853337183189817
