contains_categorical: false
dummy_loss: 13.279240722306321
dummy_metadata:
  auc: 0.5
  zo_loss: 0.368421052631579
metadata:
  n_epochs: 148
  test:
    auc: 0.9973544973544973
    zo_loss: 0.03508771929824561
  val:
    auc: 0.9908286930887651
    zo_loss: 0.02631578947368418
model_name: JOPLEn
params:
  SquaredFNorm_lam: 0.24955055980173158
  SquaredLaplacian_lam: 3.719537910266542e-05
  SquaredLaplacian_laplacian_type: LaplacianType.LEFT_NORMALIZED
  SquaredLaplacian_sigma: 1.7428988057423334
  cell_model: CellModel.linear
  loss_fn: LogisticLoss
  max_iters: 100000
  mu: 5.960900395406619
  n_cells: 2
  n_partitions: 110
  partitioner: LinearForestPartition
  random_state: 0
  verbose: false
test_score: 0.06205929339434488
train_time: 0.6817512512207031
val_score: 0.10370639056593095
