contains_categorical: false
dummy_loss: 12.638683655924195
dummy_metadata:
  auc: 0.5
  zo_loss: 0.35064935064935066
metadata:
  n_epochs: 130
  test:
    auc: 0.8644444444444445
    zo_loss: 0.22077922077922074
  val:
    auc: 0.8318518518518518
    zo_loss: 0.2727272727272727
model_name: JOPLEn
params:
  SquaredFNorm_lam: 1.0e-05
  cell_model: CellModel.constant
  loss_fn: LogisticLoss
  max_iters: 100000
  mu: 4.370635172871175
  n_cells: 2
  n_partitions: 443
  partitioner: RFPartition
  random_state: 0
  verbose: false
test_score: 0.4371456526548981
train_time: 0.7458596229553223
val_score: 0.48038576372857955
