contains_categorical: false
dummy_loss: 13.279240722306321
dummy_metadata:
  auc: 0.5
  zo_loss: 0.368421052631579
metadata:
  n_epochs: 155
  test:
    auc: 0.996031746031746
    zo_loss: 0.03508771929824561
  val:
    auc: 0.9918113331149688
    zo_loss: 0.03508771929824561
model_name: JOPLEn
params:
  SquaredFNorm_lam: 0.03765796450493277
  SquaredLaplacian_lam: 1.0e-05
  SquaredLaplacian_laplacian_type: LaplacianType.LEFT_NORMALIZED
  SquaredLaplacian_sigma: 1.2253831424772608
  cell_model: CellModel.linear
  loss_fn: LogisticLoss
  max_iters: 100000
  mu: 7.832326322397818
  n_cells: 2
  n_partitions: 27
  partitioner: GBPartition
  random_state: 0
  verbose: false
test_score: 0.0744015357736945
train_time: 0.5423378944396973
val_score: 0.1081425422408229
