contains_categorical: postprocessed
dummy_loss: 15.44728002390735
dummy_metadata:
  auc: 0.5
  zo_loss: 0.4285714285714286
metadata:
  n_epochs: 201
  test:
    auc: 0.5416666666666667
    zo_loss: 0.4285714285714286
  val:
    auc: 0.8351648351648352
    zo_loss: 0.2592592592592593
model_name: JOPLEn
params:
  GroupInf1Norm_lam: 1000.0
  cell_model: CellModel.linear
  loss_fn: LogisticLoss
  max_iters: 100000
  mu: 1.0
  n_cells: 2
  n_partitions: 51
  partitioner: VPartition
  random_state: 0
  verbose: false
test_score: 1.0376443788264333
train_time: 0.6185967922210693
val_score: 0.5434723715470853
