contains_categorical: false
dummy_loss: 12.638683655924195
dummy_metadata:
  auc: 0.5
  zo_loss: 0.35064935064935066
metadata:
  n_epochs: 109
  test:
    auc: 0.817037037037037
    zo_loss: 0.20779220779220775
  val:
    auc: 0.7987037037037038
    zo_loss: 0.22077922077922074
model_name: JOPLEn
params:
  L1Norm_lam: 0.00034812245087510545
  cell_model: CellModel.constant
  loss_fn: LogisticLoss
  max_iters: 100000
  mu: 0.8583324565855123
  n_cells: 8
  n_partitions: 10
  partitioner: LinearForestPartition
  random_state: 0
  verbose: false
test_score: 0.49856785254259234
train_time: 0.2928273677825928
val_score: 0.5048919811418131
