contains_categorical: postprocessed
dummy_loss: 13.216006242676288
dummy_metadata:
  auc: 0.5
  zo_loss: 0.3666666666666667
metadata:
  n_epochs: 249
  test:
    auc: 0.8277511961722488
    zo_loss: 0.16666666666666663
  val:
    auc: 0.8471177944862156
    zo_loss: 0.2033898305084746
model_name: JOPLEn
params:
  Group21Norm_lam: 4.847827612154775
  SquaredFNorm_lam: 5.871448059152857
  cell_model: CellModel.linear
  loss_fn: LogisticLoss
  max_iters: 100000
  n_cells: 2
  n_partitions: 1000
  partitioner: LinearForestPartition
  random_state: 0
  verbose: false
test_score: 0.49819321364211805
train_time: 1.6508171558380127
val_score: 0.4800839698627192
