contains_categorical: postprocessed
dummy_loss: 7.20873067782343
dummy_metadata:
  auc: 0.5
  zo_loss: 0.19999999999999996
metadata:
  test:
    auc: 1.0
    zo_loss: 0.0
  val:
    auc: 0.925
    zo_loss: 0.1578947368421053
model_name: GradientBoostingClassifier
params:
  ccp_alpha: 0.0013825893632154315
  criterion: friedman_mse
  learning_rate: 0.10052225132426992
  loss: log_loss
  max_depth: 2
  max_leaf_nodes: 27
  n_estimators: 28
  random_state: 0
test_score: 0.10218717684514475
train_time: 0.01145792007446289
val_score: 0.33557257856548417
