contains_categorical: postprocessed
dummy_loss: 16.19352543569032
dummy_metadata:
  auc: 0.5
  zo_loss: 0.4492753623188406
metadata:
  n_epochs: 116
  test:
    auc: 0.8251273344651953
    zo_loss: 0.23188405797101452
  val:
    auc: 0.9022780498190335
    zo_loss: 0.12318840579710144
model_name: JOPLEn
params:
  SquaredFNorm_lam: 5.709307182566275e-05
  cell_model: CellModel.constant
  loss_fn: LogisticLoss
  max_iters: 100000
  mu: 0.5193780519366967
  n_cells: 18
  n_partitions: 28
  partitioner: RFPartition
  random_state: 0
  verbose: false
test_score: 0.53245763474453
train_time: 0.3380744457244873
val_score: 0.36122140818602694
