contains_categorical: false
dummy_loss: 9.301587971385072
dummy_metadata:
  auc: 0.5
  zo_loss: 0.25806451612903225
metadata:
  n_epochs: 177
  test:
    auc: 0.8125
    zo_loss: 0.29032258064516125
  val:
    auc: 0.7207880434782609
    zo_loss: 0.24193548387096775
model_name: JOPLEn
params:
  L1Norm_lam: 1.0e-05
  cell_model: CellModel.constant
  loss_fn: LogisticLoss
  max_iters: 100000
  mu: 8.765336022221488
  n_cells: 2
  n_partitions: 292
  partitioner: RFPartition
  random_state: 0
  verbose: false
test_score: 0.5196145899106215
train_time: 0.6575055122375488
val_score: 0.5116043192546154
