contains_categorical: postprocessed
dummy_loss: 1.7055356493273102
dummy_metadata:
  auc: 0.5
  zo_loss: 0.04731861198738174
metadata:
  n_epochs: 197
  test:
    auc: 0.9838852097130243
    zo_loss: 0.03154574132492116
  val:
    auc: 0.9775747508305648
    zo_loss: 0.030063291139240556
model_name: JOPLEn
params:
  L1Norm_lam: 0.0006179140409073106
  cell_model: CellModel.constant
  loss_fn: LogisticLoss
  max_iters: 100000
  mu: 9.086989618336029
  n_cells: 14
  n_partitions: 1000
  partitioner: VPartition
  random_state: 0
  verbose: false
test_score: 0.07864148852891853
train_time: 2.689757823944092
val_score: 0.07977005148457342
