contains_categorical: postprocessed
dummy_loss: 18.021826694558577
dummy_metadata:
  auc: 0.5
  zo_loss: 0.5
metadata:
  n_epochs: 135
  test:
    auc: 0.9700000000000001
    zo_loss: 0.15000000000000002
  val:
    auc: 1.0
    zo_loss: 0.0
model_name: JOPLEn
params:
  SquaredFNorm_lam: 1.0e-05
  SquaredLaplacian_lam: 1.0e-05
  SquaredLaplacian_laplacian_type: LaplacianType.STANDARD
  SquaredLaplacian_sigma: 1.0e-05
  cell_model: CellModel.constant
  loss_fn: LogisticLoss
  max_iters: 100000
  mu: 9.244273087600206
  n_cells: 32
  n_partitions: 130
  partitioner: LinearForestPartition
  random_state: 0
  verbose: false
test_score: 0.42449963562110404
train_time: 0.5725324153900146
val_score: 0.009051790884407818
