contains_categorical: postprocessed
dummy_loss: 12.014551129705717
dummy_metadata:
  auc: 0.5
  zo_loss: 0.33333333333333337
metadata:
  n_epochs: 121
  test:
    auc: 0.890625
    zo_loss: 0.16666666666666663
  val:
    auc: 0.9609375
    zo_loss: 0.04166666666666663
model_name: JOPLEn
params:
  SquaredFNorm_lam: 2.8195399748476254e-05
  SquaredLaplacian_lam: 6.053770770177464e-05
  SquaredLaplacian_laplacian_type: LaplacianType.NORMALIZED
  SquaredLaplacian_sigma: 124.69001253686065
  cell_model: CellModel.linear
  loss_fn: LogisticLoss
  max_iters: 100000
  mu: 7.498306529051822
  n_cells: 4
  n_partitions: 108
  partitioner: LinearForestPartition
  random_state: 0
  verbose: false
test_score: 0.4234523487297732
train_time: 0.45195913314819336
val_score: 0.2151770583558509
