contains_categorical: postprocessed
dummy_loss: 10.813096016735146
dummy_metadata:
  auc: 0.5
  zo_loss: 0.30000000000000004
metadata:
  n_epochs: 131
  test:
    auc: 0.6114285714285714
    zo_loss: 0.32999999999999996
  val:
    auc: 0.7416666666666667
    zo_loss: 0.255
model_name: JOPLEn
params:
  SquaredFNorm_lam: 15.582794092355394
  SquaredLaplacian_lam: 0.0003551882321738745
  SquaredLaplacian_laplacian_type: LaplacianType.LEFT_NORMALIZED
  SquaredLaplacian_sigma: 0.03707428579801735
  cell_model: CellModel.linear
  loss_fn: LogisticLoss
  max_iters: 100000
  mu: 6.256573799892876
  n_cells: 14
  n_partitions: 46
  partitioner: RFPartition
  random_state: 0
  verbose: false
test_score: 0.6176445963188031
train_time: 0.5482351779937744
val_score: 0.5327843218951881
