contains_categorical: false
dummy_loss: 16.019401506274292
dummy_metadata:
  auc: 0.5
  zo_loss: 0.4444444444444444
metadata:
  n_epochs: 117
  test:
    auc: 0.6
    zo_loss: 0.33333333333333337
  val:
    auc: 0.948051948051948
    zo_loss: 0.2222222222222222
model_name: JOPLEn
params:
  GroupInf1Norm_lam: 0.13753214123959986
  cell_model: CellModel.linear
  loss_fn: LogisticLoss
  max_iters: 100000
  mu: 1.0
  n_cells: 7
  n_partitions: 10
  partitioner: VPartition
  random_state: 0
  verbose: false
test_score: 0.7652837310727209
train_time: 0.6006932258605957
val_score: 0.41852466928621673
