contains_categorical: postprocessed
dummy_loss: 16.277778949923878
dummy_metadata:
  auc: 0.5
  zo_loss: 0.4516129032258065
metadata:
  n_epochs: 117
  test:
    auc: 0.8592436974789915
    zo_loss: 0.25806451612903225
  val:
    auc: 0.8306277056277056
    zo_loss: 0.2622950819672131
model_name: JOPLEn
params:
  SquaredFNorm_lam: 0.00010862495445936385
  cell_model: CellModel.constant
  loss_fn: LogisticLoss
  max_iters: 100000
  mu: 1.8153460212433634
  n_cells: 3
  n_partitions: 71
  partitioner: GBPartition
  random_state: 0
  verbose: false
test_score: 0.4741838196850804
train_time: 0.38074684143066406
val_score: 0.5046501764842651
