contains_categorical: false
dummy_loss: 10.2981866826049
dummy_metadata:
  auc: 0.5
  zo_loss: 0.2857142857142857
metadata:
  test:
    auc: 0.828
    zo_loss: 0.2857142857142857
  val:
    auc: 0.9246646026831785
    zo_loss: 0.27142857142857146
model_name: ExtraTreesClassifier
params:
  criterion: log_loss
  max_depth: 5
  max_features: 1
  max_leaf_nodes: 20
  n_estimators: 170
  random_state: 0
test_score: 0.5175441738622546
train_time: 0.08478188514709473
val_score: 0.49975370441126926
