contains_categorical: false
dummy_loss: 10.593236393474356
dummy_metadata:
  auc: 0.5
  zo_loss: 0.2939001848428835
metadata:
  test:
    auc: 0.9203957983469986
    zo_loss: 0.13308687615526804
  val:
    auc: 0.9320422870042295
    zo_loss: 0.13796296296296295
model_name: GradientBoostingClassifier
params:
  ccp_alpha: 5.3881918556857836e-05
  criterion: friedman_mse
  learning_rate: 0.46270093903526616
  loss: log_loss
  max_depth: 4
  max_leaf_nodes: 29
  n_estimators: 152
  random_state: 0
test_score: 0.3315575993986497
train_time: 0.67946457862854
val_score: 0.3115567946556128
