contains_categorical: postprocessed
dummy_loss: 16.19352543569032
dummy_metadata:
  auc: 0.5
  zo_loss: 0.4492753623188406
metadata:
  n_epochs: 194
  test:
    auc: 0.8302207130730052
    zo_loss: 0.23188405797101452
  val:
    auc: 0.8784330423674686
    zo_loss: 0.21014492753623193
model_name: JOPLEn
params:
  GroupInf1Norm_lam: 198.44186057376504
  cell_model: CellModel.linear
  loss_fn: LogisticLoss
  max_iters: 100000
  mu: 1.0
  n_cells: 2
  n_partitions: 673
  partitioner: VPartition
  random_state: 0
  verbose: false
test_score: 0.4944428636108305
train_time: 0.8289387226104736
val_score: 0.42313980363036985
