contains_categorical: postprocessed
dummy_loss: 11.15636890615531
dummy_metadata:
  auc: 0.5
  zo_loss: 0.30952380952380953
metadata:
  n_epochs: 229
  test:
    auc: 0.6286472148541113
    zo_loss: 0.2666666666666667
  val:
    auc: 0.6592694272858995
    zo_loss: 0.3023809523809524
model_name: JOPLEn
params:
  Group21Norm_lam: 64.93987328070794
  SquaredFNorm_lam: 0.14512575921300389
  cell_model: CellModel.linear
  loss_fn: LogisticLoss
  max_iters: 100000
  n_cells: 16
  n_partitions: 247
  partitioner: LinearForestPartition
  random_state: 0
  verbose: false
test_score: 0.5786490654553277
train_time: 1.267289400100708
val_score: 0.5995399077882236
