contains_categorical: postprocessed
dummy_loss: 16.19352543569032
dummy_metadata:
  auc: 0.5
  zo_loss: 0.4492753623188406
metadata:
  n_epochs: 201
  test:
    auc: 0.8794567062818337
    zo_loss: 0.21739130434782605
  val:
    auc: 0.8797104534809455
    zo_loss: 0.16666666666666663
model_name: JOPLEn
params:
  SquaredFNorm_lam: 129.41288890027442
  cell_model: CellModel.linear
  loss_fn: LogisticLoss
  max_iters: 100000
  mu: 9.106299037878157
  n_cells: 11
  n_partitions: 77
  partitioner: RFPartition
  random_state: 0
  verbose: false
test_score: 0.4406796183616478
train_time: 0.6049489974975586
val_score: 0.41878491770932474
