contains_categorical: postprocessed
dummy_loss: 18.021826694558577
dummy_metadata:
  auc: 0.5
  zo_loss: 0.5
metadata:
  n_epochs: 112
  test:
    auc: 0.96
    zo_loss: 0.09999999999999998
  val:
    auc: 0.9874999999999999
    zo_loss: 0.025000000000000022
model_name: JOPLEn
params:
  GroupInf1Norm_lam: 1.547899074591273
  cell_model: CellModel.linear
  loss_fn: LogisticLoss
  max_iters: 100000
  mu: 9.22556950391643
  n_cells: 22
  n_partitions: 55
  partitioner: RFPartition
  random_state: 0
  verbose: false
test_score: 0.33477297660227745
train_time: 0.39433884620666504
val_score: 0.153438492669919
