contains_categorical: postprocessed
dummy_loss: 13.01576372384786
dummy_metadata:
  auc: 0.5
  zo_loss: 0.36111111111111116
metadata:
  test:
    auc: 0.9732441471571907
    zo_loss: 0.11111111111111116
  val:
    auc: 0.9893333333333333
    zo_loss: 0.02857142857142858
model_name: NN
params:
  activation: relu
  alpha: 0.048888862648393844
  batch_size: 16
  epochs: 10000
  hidden_layer_size: 91
  learning_rate: 0.004081213044246181
  n_hidden_layers: 1
  patience: 100
test_score: 0.2567274623971591
train_time: 12.569791316986084
val_score: 0.09566609695582248
