contains_categorical: postprocessed
dummy_loss: 16.19352543569032
dummy_metadata:
  auc: 0.5
  zo_loss: 0.4492753623188406
metadata:
  test:
    auc: 0.8463497453310697
    zo_loss: 0.23188405797101452
  val:
    auc: 0.9114328294656163
    zo_loss: 0.12318840579710144
model_name: GradientBoostingClassifier
params:
  ccp_alpha: 1.707307326111489e-05
  criterion: squared_error
  learning_rate: 0.2095150278074838
  loss: log_loss
  max_depth: 1
  max_leaf_nodes: 2
  n_estimators: 1000
  random_state: 0
test_score: 0.5005899146025862
train_time: 0.40100812911987305
val_score: 0.3374544894021006
