contains_categorical: false
dummy_loss: 18.021826694558577
dummy_metadata:
  auc: 0.5
  zo_loss: 0.5
metadata:
  n_epochs: 107
  test:
    auc: 0.6666666666666666
    zo_loss: 0.33333333333333337
  val:
    auc: 0.9166666666666667
    zo_loss: 0.09090909090909094
model_name: JOPLEn
params:
  L1Norm_lam: 0.008685735401778237
  cell_model: CellModel.constant
  loss_fn: LogisticLoss
  max_iters: 100000
  mu: 10.0
  n_cells: 2
  n_partitions: 10
  partitioner: RFPartition
  random_state: 0
  verbose: false
test_score: 0.821180320135051
train_time: 0.3109724521636963
val_score: 0.30781490585935695
