contains_categorical: false
dummy_loss: 14.229815437785946
dummy_metadata:
  auc: 0.5
  zo_loss: 0.3947939262472885
metadata:
  n_epochs: 150
  test:
    auc: 0.96356689905077
    zo_loss: 0.08242950108459868
  val:
    auc: 0.985224954949603
    zo_loss: 0.046739130434782616
model_name: JOPLEn
params:
  L1Norm_lam: 0.00023359061681637255
  cell_model: CellModel.constant
  loss_fn: LogisticLoss
  max_iters: 100000
  mu: 3.7974717581132293
  n_cells: 32
  n_partitions: 1000
  partitioner: LinearForestPartition
  random_state: 0
  verbose: false
test_score: 0.23552403863415527
train_time: 18.435387134552002
val_score: 0.13459211008417696
