contains_categorical: false
dummy_loss: 17.826996135698483
dummy_metadata:
  auc: 0.5
  zo_loss: 0.49459459459459465
metadata:
  test:
    auc: 0.9446173402296836
    zo_loss: 0.12567567567567572
  val:
    auc: 0.9249383691414108
    zo_loss: 0.13184584178498981
model_name: LinearForestClassifier
params:
  ccp_alpha: 7.411453157034505e-05
  max_depth: 5
  max_leaf_nodes: 25
  n_estimators: 70
  random_state: 0
test_score: 0.3180088621726137
train_time: 1.407646656036377
val_score: 0.38567974994811327
