contains_categorical: false
dummy_loss: 9.301587971385072
dummy_metadata:
  auc: 0.5
  zo_loss: 0.25806451612903225
metadata:
  n_epochs: 125
  test:
    auc: 0.7934782608695652
    zo_loss: 0.25806451612903225
  val:
    auc: 0.735733695652174
    zo_loss: 0.22580645161290325
model_name: JOPLEn
params:
  SquaredFNorm_lam: 6.531258773616536e-05
  cell_model: CellModel.constant
  loss_fn: LogisticLoss
  max_iters: 100000
  mu: 10.0
  n_cells: 31
  n_partitions: 1000
  partitioner: GBPartition
  random_state: 0
  verbose: false
test_score: 0.4532061335667375
train_time: 0.9199254512786865
val_score: 0.5285399930817851
