contains_categorical: postprocessed
dummy_loss: 6.007275564852859
dummy_metadata:
  auc: 0.5
  zo_loss: 0.16666666666666663
metadata:
  test:
    auc: 0.31111111111111117
    zo_loss: 0.16666666666666663
  val:
    auc: 0.32903225806451614
    zo_loss: 0.13888888888888884
model_name: LogisticRegression
params:
  C: 0.1
  penalty: l2
  random_state: 0
test_score: 0.49353530064762935
train_time: 0.005537271499633789
val_score: 0.43682933462368934
