contains_categorical: false
dummy_loss: 16.961719241937484
dummy_metadata:
  auc: 0.5
  zo_loss: 0.47058823529411764
metadata:
  n_epochs: 114
  test:
    auc: 0.9722222222222222
    zo_loss: 0.11764705882352944
  val:
    auc: 0.8425925925925927
    zo_loss: 0.21212121212121215
model_name: JOPLEn
params:
  SquaredFNorm_lam: 0.0011333346926295158
  SquaredLaplacian_lam: 0.005892140284557989
  SquaredLaplacian_laplacian_type: LaplacianType.STANDARD
  SquaredLaplacian_sigma: 233.4341409166493
  cell_model: CellModel.constant
  loss_fn: LogisticLoss
  max_iters: 100000
  mu: 2.675014700216388
  n_cells: 2
  n_partitions: 266
  partitioner: GBPartition
  random_state: 0
  verbose: false
test_score: 0.3664795891876158
train_time: 0.458756685256958
val_score: 0.47312311956230674
