contains_categorical: postprocessed
dummy_loss: 16.019401506274292
dummy_metadata:
  auc: 0.5
  zo_loss: 0.4444444444444444
metadata:
  n_epochs: 103
  test:
    auc: 0.6
    zo_loss: 0.33333333333333337
  val:
    auc: 0.7222222222222222
    zo_loss: 0.4117647058823529
model_name: JOPLEn
params:
  SquaredFNorm_lam: 0.00010729563211062472
  cell_model: CellModel.constant
  loss_fn: LogisticLoss
  max_iters: 100000
  mu: 0.546700384412649
  n_cells: 25
  n_partitions: 43
  partitioner: VPartition
  random_state: 0
  verbose: false
test_score: 0.6461541824600106
train_time: 0.29309868812561035
val_score: 0.6283248713954279
