contains_categorical: postprocessed
dummy_loss: 13.216006242676288
dummy_metadata:
  auc: 0.5
  zo_loss: 0.3666666666666667
metadata:
  n_epochs: 272
  test:
    auc: 0.8181818181818181
    zo_loss: 0.16666666666666663
  val:
    auc: 0.8408521303258145
    zo_loss: 0.2033898305084746
model_name: JOPLEn
params:
  GroupInf1Norm_lam: 2.055981814480463
  SquaredFNorm_lam: 0.13222842769826265
  cell_model: CellModel.linear
  loss_fn: LogisticLoss
  max_iters: 100000
  n_cells: 2
  n_partitions: 597
  partitioner: LinearForestPartition
  random_state: 0
  verbose: false
test_score: 0.502305015961532
train_time: 2.333651304244995
val_score: 0.48130543650904767
