contains_categorical: postprocessed
dummy_loss: 11.185961396622565
dummy_metadata:
  auc: 0.5
  zo_loss: 0.31034482758620685
metadata:
  n_epochs: 112
  test:
    auc: 0.65
    zo_loss: 0.31034482758620685
  val:
    auc: 0.5746054519368723
    zo_loss: 0.2931034482758621
model_name: JOPLEn
params:
  SquaredFNorm_lam: 0.00013362338429820752
  SquaredLaplacian_lam: 2.6304051318382636e-05
  SquaredLaplacian_laplacian_type: LaplacianType.LEFT_NORMALIZED
  SquaredLaplacian_sigma: 0.7744324511656511
  cell_model: CellModel.constant
  loss_fn: LogisticLoss
  max_iters: 100000
  mu: 9.218262223605175
  n_cells: 5
  n_partitions: 336
  partitioner: GBPartition
  random_state: 0
  verbose: false
test_score: 0.5966801375391737
train_time: 0.5060775279998779
val_score: 0.5962341340340978
