contains_categorical: postprocessed
dummy_loss: 13.216006242676288
dummy_metadata:
  auc: 0.5
  zo_loss: 0.3666666666666667
metadata:
  n_epochs: 106
  test:
    auc: 0.868421052631579
    zo_loss: 0.1333333333333333
  val:
    auc: 0.8521303258145363
    zo_loss: 0.15254237288135597
model_name: JOPLEn
params:
  SquaredFNorm_lam: 2.7759884232595184e-05
  cell_model: CellModel.constant
  loss_fn: LogisticLoss
  max_iters: 100000
  mu: 10.0
  n_cells: 2
  n_partitions: 12
  partitioner: GBPartition
  random_state: 0
  verbose: false
test_score: 0.38056738362784276
train_time: 0.4279351234436035
val_score: 0.40749261789853436
