contains_categorical: false
dummy_loss: 18.74269976234092
dummy_metadata:
  auc: 0.5
  zo_loss: 0.52
metadata:
  n_epochs: 106
  test:
    auc: 0.967948717948718
    zo_loss: 0.19999999999999996
  val:
    auc: 0.9536
    zo_loss: 0.12
model_name: JOPLEn
params:
  SquaredFNorm_lam: 0.0003584270591686363
  cell_model: CellModel.constant
  loss_fn: LogisticLoss
  max_iters: 100000
  mu: 0.8915566754914637
  n_cells: 24
  n_partitions: 25
  partitioner: RFPartition
  random_state: 0
  verbose: false
test_score: 0.3897268236547582
train_time: 0.29763031005859375
val_score: 0.2791869394259908
