contains_categorical: postprocessed
dummy_loss: 13.14091529811563
dummy_metadata:
  auc: 0.5
  zo_loss: 0.36458333333333337
metadata:
  n_epochs: 128
  test:
    auc: 0.9676814988290399
    zo_loss: 0.07291666666666663
  val:
    auc: 0.9790267467892071
    zo_loss: 0.07291666666666663
model_name: JOPLEn
params:
  SquaredFNorm_lam: 0.0004902260601217672
  SquaredLaplacian_lam: 0.00013343932638898204
  SquaredLaplacian_laplacian_type: LaplacianType.LEFT_NORMALIZED
  SquaredLaplacian_sigma: 0.7547424958409349
  cell_model: CellModel.constant
  loss_fn: LogisticLoss
  max_iters: 100000
  mu: 9.081588680003398
  n_cells: 8
  n_partitions: 478
  partitioner: VPartition
  random_state: 0
  verbose: false
test_score: 0.22824247305088222
train_time: 0.74361252784729
val_score: 0.19559904857879196
