contains_categorical: postprocessed
dummy_loss: 7.20873067782343
dummy_metadata:
  auc: 0.5
  zo_loss: 0.19999999999999996
metadata:
  n_epochs: 92
  test:
    auc: 0.9375
    zo_loss: 0.09999999999999998
  val:
    auc: 0.9600000000000001
    zo_loss: 0.09999999999999998
model_name: JOPLEn
params:
  SquaredFNorm_lam: 0.013417223725467603
  SquaredLaplacian_lam: 0.32549502686471043
  SquaredLaplacian_laplacian_type: LaplacianType.LEFT_NORMALIZED
  SquaredLaplacian_sigma: 0.0014019008707617348
  cell_model: CellModel.constant
  loss_fn: LogisticLoss
  max_iters: 100000
  mu: 7.802706307862802
  n_cells: 4
  n_partitions: 225
  partitioner: LinearForestPartition
  random_state: 0
  verbose: false
test_score: 0.30876123423108637
train_time: 0.42577099800109863
val_score: 0.2132953924945621
