contains_categorical: false
dummy_loss: 18.021826694558577
dummy_metadata:
  auc: 0.5
  zo_loss: 0.5
metadata:
  n_epochs: 106
  test:
    auc: 0.5555555555555556
    zo_loss: 0.33333333333333337
  val:
    auc: 0.9
    zo_loss: 0.09090909090909094
model_name: JOPLEn
params:
  SquaredFNorm_lam: 0.003947342890768629
  cell_model: CellModel.constant
  loss_fn: LogisticLoss
  max_iters: 100000
  mu: 2.8042895847755873
  n_cells: 20
  n_partitions: 10
  partitioner: VPartition
  random_state: 0
  verbose: false
test_score: 0.8179228808770257
train_time: 0.2827281951904297
val_score: 0.28727912839716496
