contains_categorical: postprocessed
dummy_loss: 13.63813912020649
dummy_metadata:
  auc: 0.5
  zo_loss: 0.3783783783783784
metadata:
  n_epochs: 871
  test:
    auc: 0.7484472049689441
    zo_loss: 0.2702702702702703
  val:
    auc: 0.7123719464144996
    zo_loss: 0.32432432432432434
model_name: JOPLEn
params:
  SquaredFNorm_lam: 0.028596630548054624
  cell_model: CellModel.constant
  loss_fn: LogisticLoss
  max_iters: 100000
  mu: 1.0e-05
  n_cells: 3
  n_partitions: 135
  partitioner: GBPartition
  random_state: 0
  verbose: false
test_score: 0.5655901172678013
train_time: 2.297121286392212
val_score: 0.5885818912641804
