contains_categorical: postprocessed
dummy_loss: 13.63813912020649
dummy_metadata:
  auc: 0.5
  zo_loss: 0.3783783783783784
metadata:
  n_epochs: 132
  test:
    auc: 0.6366459627329193
    zo_loss: 0.32432432432432434
  val:
    auc: 0.7257683215130023
    zo_loss: 0.32432432432432434
model_name: JOPLEn
params:
  SquaredFNorm_lam: 0.00014252059428454506
  cell_model: CellModel.constant
  loss_fn: LogisticLoss
  max_iters: 100000
  mu: 7.886834498943754
  n_cells: 3
  n_partitions: 826
  partitioner: VPartition
  random_state: 0
  verbose: false
test_score: 0.6388280664891277
train_time: 0.717984676361084
val_score: 0.589678833510612
