contains_categorical: postprocessed
dummy_loss: 13.01576372384786
dummy_metadata:
  auc: 0.5
  zo_loss: 0.36111111111111116
metadata:
  n_epochs: 2272
  test:
    auc: 0.923076923076923
    zo_loss: 0.16666666666666663
  val:
    auc: 1.0
    zo_loss: 0.014285714285714235
model_name: JOPLEn
params:
  Group21Norm_lam: 1000.0
  cell_model: CellModel.linear
  loss_fn: LogisticLoss
  max_iters: 100000
  mu: 10.0
  n_cells: 5
  n_partitions: 1000
  partitioner: VPartition
  random_state: 0
  verbose: false
test_score: 1.1119176833264497
train_time: 6.70765495300293
val_score: 0.019799702422000052
