contains_categorical: postprocessed
dummy_loss: 2.669900251045715
dummy_metadata:
  auc: 0.5
  zo_loss: 0.07407407407407407
metadata:
  test:
    auc: 1.0
    zo_loss: 0.03703703703703709
  val:
    auc: 1.0
    zo_loss: 0.0
model_name: LinearForestClassifier
params:
  ccp_alpha: 6.730446113002143e-05
  max_depth: 4
  max_leaf_nodes: 27
  n_estimators: 17
  random_state: 0
test_score: 0.21164635558369202
train_time: 0.013841867446899414
val_score: 0.0016486759830330701
