contains_categorical: postprocessed
dummy_loss: 16.193525435690322
dummy_metadata:
  auc: 0.5
  zo_loss: 0.4492753623188406
metadata:
  n_epochs: 726
  test:
    auc: 0.8887945670628183
    zo_loss: 0.17391304347826086
  val:
    auc: 0.8181818181818181
    zo_loss: 0.23188405797101452
model_name: JOPLEn
params:
  SquaredFNorm_lam: 46.46181574629771
  cell_model: CellModel.linear
  loss_fn: LogisticLoss
  max_iters: 100000
  mu: 1.0e-05
  n_cells: 32
  n_partitions: 282
  partitioner: GBPartition
  random_state: 0
  verbose: false
test_score: 0.4203867226040638
train_time: 2.2278668880462646
val_score: 0.5011874692006195
