contains_categorical: false
dummy_loss: 1.0019897627086378
dummy_metadata: {}
metadata:
  test: {}
  val: {}
model_name: MultiTaskTrees
params:
  alpha: 0.006669723522735623
  batch_size: 128
  depth: 4
  epochs: 10000
  learning_rate: 0.026427175278978664
  loss_criteria: mse
  num_tasks: 1
  num_trees: 68
  power: 10.614730294542769
test_score: 0.21327550894515443
train_time: 7.538181781768799
val_score: 0.19203326263811982
