contains_categorical: postprocessed
dummy_loss: 13.01576372384786
dummy_metadata:
  auc: 0.5
  zo_loss: 0.36111111111111116
metadata:
  n_epochs: 248
  test:
    auc: 0.923076923076923
    zo_loss: 0.13888888888888884
  val:
    auc: 1.0
    zo_loss: 0.014285714285714235
model_name: JOPLEn
params:
  L1Norm_lam: 5.32137259657755e-05
  cell_model: CellModel.constant
  loss_fn: LogisticLoss
  max_iters: 100000
  mu: 0.6801676471500623
  n_cells: 6
  n_partitions: 1000
  partitioner: VPartition
  random_state: 0
  verbose: false
test_score: 0.6070294026938905
train_time: 1.0763626098632812
val_score: 0.032138070135966305
