contains_categorical: postprocessed
dummy_loss: 13.01576372384786
dummy_metadata:
  auc: 0.5
  zo_loss: 0.36111111111111116
metadata:
  n_epochs: 1227
  test:
    auc: 0.923076923076923
    zo_loss: 0.13888888888888884
  val:
    auc: 1.0
    zo_loss: 0.014285714285714235
model_name: JOPLEn
params:
  Group21Norm_lam: 17.468167247078465
  cell_model: CellModel.linear
  loss_fn: LogisticLoss
  max_iters: 100000
  mu: 1.0
  n_cells: 6
  n_partitions: 1000
  partitioner: VPartition
  random_state: 0
  verbose: false
test_score: 0.9381005045988373
train_time: 3.7287275791168213
val_score: 0.026770213067669153
