contains_categorical: postprocessed
dummy_loss: 13.21600624267629
dummy_metadata:
  auc: 0.5
  zo_loss: 0.3666666666666667
metadata:
  n_epochs: 147
  test:
    auc: 0.861244019138756
    zo_loss: 0.16666666666666663
  val:
    auc: 0.8571428571428571
    zo_loss: 0.2033898305084746
model_name: JOPLEn
params:
  SquaredFNorm_lam: 0.009506462083095024
  cell_model: CellModel.constant
  loss_fn: LogisticLoss
  max_iters: 100000
  mu: 10.0
  n_cells: 2
  n_partitions: 1000
  partitioner: VPartition
  random_state: 0
  verbose: false
test_score: 0.43408009585785046
train_time: 0.8209719657897949
val_score: 0.47247602581419745
