contains_categorical: postprocessed
dummy_loss: 12.35782401912588
dummy_metadata:
  auc: 0.5
  zo_loss: 0.34285714285714286
metadata:
  n_epochs: 132
  test:
    auc: 1.0
    zo_loss: 0.0
  val:
    auc: 0.9827898550724637
    zo_loss: 0.07857142857142863
model_name: JOPLEn
params:
  SquaredFNorm_lam: 0.685133869292409
  SquaredLaplacian_lam: 0.0003326249268862355
  SquaredLaplacian_laplacian_type: LaplacianType.LEFT_NORMALIZED
  SquaredLaplacian_sigma: 0.016677161926411558
  cell_model: CellModel.linear
  loss_fn: LogisticLoss
  max_iters: 100000
  mu: 4.4818937700445
  n_cells: 10
  n_partitions: 36
  partitioner: GBPartition
  random_state: 0
  verbose: false
test_score: 0.052626443806526146
train_time: 0.4503505229949951
val_score: 0.1715201996742682
