contains_categorical: false
dummy_loss: 18.74269976234092
dummy_metadata:
  auc: 0.5
  zo_loss: 0.52
metadata:
  n_epochs: 142
  test:
    auc: 0.9551282051282051
    zo_loss: 0.16000000000000003
  val:
    auc: 0.9536
    zo_loss: 0.12
model_name: JOPLEn
params:
  SquaredFNorm_lam: 0.0008027264105518763
  SquaredLaplacian_lam: 0.030560668720531946
  SquaredLaplacian_laplacian_type: LaplacianType.LEFT_NORMALIZED
  SquaredLaplacian_sigma: 0.004099848468488523
  cell_model: CellModel.constant
  loss_fn: LogisticLoss
  max_iters: 100000
  mu: 9.374531162197203
  n_cells: 4
  n_partitions: 167
  partitioner: LinearForestPartition
  random_state: 0
  verbose: false
test_score: 0.36303988869491094
train_time: 0.5570855140686035
val_score: 0.2838132112053023
