contains_categorical: postprocessed
dummy_loss: 7.20873067782343
dummy_metadata:
  auc: 0.5
  zo_loss: 0.19999999999999996
metadata:
  n_epochs: 163
  test:
    auc: 0.9375
    zo_loss: 0.09999999999999998
  val:
    auc: 1.0
    zo_loss: 0.0
model_name: JOPLEn
params:
  SquaredFNorm_lam: 0.08561866069837178
  SquaredLaplacian_lam: 0.0003513223166968428
  SquaredLaplacian_laplacian_type: LaplacianType.STANDARD
  SquaredLaplacian_sigma: 1.0e-05
  cell_model: CellModel.linear
  loss_fn: LogisticLoss
  max_iters: 100000
  mu: 6.876204266036415
  n_cells: 28
  n_partitions: 63
  partitioner: GBPartition
  random_state: 0
  verbose: false
test_score: 0.8695986398057565
train_time: 0.5540590286254883
val_score: 0.06523163148463355
