contains_categorical: false
dummy_loss: 12.638683655924195
dummy_metadata:
  auc: 0.5
  zo_loss: 0.35064935064935066
metadata:
  test:
    auc: 0.8633333333333333
    zo_loss: 0.20779220779220775
  val:
    auc: 0.8342592592592591
    zo_loss: 0.2272727272727273
model_name: XGBClassifier
params:
  early_stopping_rounds: 27
  learning_rate: 0.34813694358692765
  max_leaves: 2
  n_estimators: 77
  objective: reg:logistic
  random_state: 0
  reg_alpha: 0.1153773915974142
  reg_lambda: 0.006007633032950141
  verbosity: 0
test_score: 0.4190799008875523
train_time: 0.8465194702148438
val_score: 0.47191309048395114
