contains_categorical: false
dummy_loss: 17.506917360428332
dummy_metadata:
  auc: 0.5
  zo_loss: 0.48571428571428577
metadata:
  n_epochs: 128
  test:
    auc: 0.6454248366013071
    zo_loss: 0.4571428571428572
  val:
    auc: 0.6441176470588235
    zo_loss: 0.37681159420289856
model_name: JOPLEn
params:
  SquaredFNorm_lam: 0.009681141606813647
  cell_model: CellModel.constant
  loss_fn: LogisticLoss
  max_iters: 100000
  mu: 0.7954649073284036
  n_cells: 2
  n_partitions: 17
  partitioner: VPartition
  random_state: 0
  verbose: false
test_score: 0.6395011583680515
train_time: 0.3923027515411377
val_score: 0.6741900700746575
