contains_categorical: postprocessed
dummy_loss: 7.20873067782343
dummy_metadata:
  auc: 0.5
  zo_loss: 0.19999999999999996
metadata:
  n_epochs: 168
  test:
    auc: 0.75
    zo_loss: 0.30000000000000004
  val:
    auc: 0.9466666666666668
    zo_loss: 0.15000000000000002
model_name: JOPLEn
params:
  SquaredFNorm_lam: 1.0e-05
  SquaredLaplacian_lam: 0.015582126189574512
  SquaredLaplacian_laplacian_type: LaplacianType.STANDARD
  SquaredLaplacian_sigma: 276.93154388805505
  cell_model: CellModel.constant
  loss_fn: LogisticLoss
  max_iters: 100000
  mu: 7.772507613823169
  n_cells: 2
  n_partitions: 109
  partitioner: VPartition
  random_state: 0
  verbose: false
test_score: 0.5617597632142989
train_time: 0.5930006504058838
val_score: 0.2563768515071817
