contains_categorical: false
dummy_loss: 10.2981866826049
dummy_metadata:
  auc: 0.5
  zo_loss: 0.2857142857142857
metadata:
  n_epochs: 296
  test:
    auc: 0.876
    zo_loss: 0.19999999999999996
  val:
    auc: 0.936016511867905
    zo_loss: 0.12857142857142856
model_name: JOPLEn
params:
  GroupInf1Norm_lam: 1.0043290185630827
  SquaredFNorm_lam: 3.2850754278934294e-05
  cell_model: CellModel.linear
  loss_fn: LogisticLoss
  max_iters: 100000
  n_cells: 4
  n_partitions: 1000
  partitioner: LinearForestPartition
  random_state: 0
  verbose: false
test_score: 0.4915445789617616
train_time: 2.178598403930664
val_score: 0.323421812113352
