contains_categorical: false
dummy_loss: 12.638683655924195
dummy_metadata:
  auc: 0.5
  zo_loss: 0.35064935064935066
metadata:
  n_epochs: 776
  test:
    auc: 0.8118518518518518
    zo_loss: 0.20779220779220775
  val:
    auc: 0.8344444444444444
    zo_loss: 0.24675324675324672
model_name: JOPLEn
params:
  Group21Norm_lam: 1000.0
  cell_model: CellModel.linear
  loss_fn: LogisticLoss
  max_iters: 100000
  mu: 1.0e-05
  n_cells: 11
  n_partitions: 1000
  partitioner: VPartition
  random_state: 0
  verbose: false
test_score: 0.5092564039986077
train_time: 2.773117780685425
val_score: 0.4765336117280215
