contains_categorical: postprocessed
dummy_loss: 6.758185010459466
dummy_metadata:
  auc: 0.5
  zo_loss: 0.1875
metadata:
  n_epochs: 111
  test:
    auc: 0.5641025641025641
    zo_loss: 0.1875
  val:
    auc: 0.7733333333333333
    zo_loss: 0.16129032258064513
model_name: JOPLEn
params:
  GroupInf1Norm_lam: 198.44186057376504
  cell_model: CellModel.linear
  loss_fn: LogisticLoss
  max_iters: 100000
  mu: 1.0
  n_cells: 2
  n_partitions: 673
  partitioner: VPartition
  random_state: 0
  verbose: false
test_score: 0.4748593276627897
train_time: 0.6197752952575684
val_score: 0.4230044550373101
