contains_categorical: postprocessed
dummy_loss: 16.193525435690322
dummy_metadata:
  auc: 0.5
  zo_loss: 0.4492753623188406
metadata:
  n_epochs: 141
  test:
    auc: 0.9185059422750426
    zo_loss: 0.23188405797101452
  val:
    auc: 0.7775175644028104
    zo_loss: 0.2681159420289855
model_name: JOPLEn
params:
  GroupInf1Norm_lam: 17.935504190852846
  cell_model: CellModel.linear
  loss_fn: LogisticLoss
  max_iters: 100000
  mu: 1.0
  n_cells: 2
  n_partitions: 545
  partitioner: VPartition
  random_state: 0
  verbose: false
test_score: 0.43251722866377323
train_time: 0.6927969455718994
val_score: 0.5900748346688207
