contains_categorical: postprocessed
dummy_loss: 17.336333900041623
dummy_metadata:
  auc: 0.5
  zo_loss: 0.48098159509202454
metadata:
  n_epochs: 355
  test:
    auc: 0.8823032759202972
    zo_loss: 0.19263803680981595
  val:
    auc: 0.8821313866406705
    zo_loss: 0.19533169533169537
model_name: JOPLEn
params:
  SquaredFNorm_lam: 0.08085833038404419
  SquaredLaplacian_lam: 1.5039494501574545e-05
  SquaredLaplacian_laplacian_type: LaplacianType.NORMALIZED
  SquaredLaplacian_sigma: 0.00024425772863739993
  cell_model: CellModel.linear
  loss_fn: LogisticLoss
  max_iters: 100000
  mu: 3.063490644109634
  n_cells: 8
  n_partitions: 845
  partitioner: LinearForestPartition
  random_state: 0
  verbose: false
test_score: 0.4088952722705774
train_time: 8.41895055770874
val_score: 0.4032757545641522
