contains_categorical: postprocessed
dummy_loss: 7.20873067782343
dummy_metadata:
  auc: 0.5
  zo_loss: 0.19999999999999996
metadata:
  n_epochs: 133
  test:
    auc: 1.0
    zo_loss: 0.0
  val:
    auc: 0.9333333333333333
    zo_loss: 0.10526315789473684
model_name: JOPLEn
params:
  Group21Norm_lam: 1000.0
  cell_model: CellModel.linear
  loss_fn: LogisticLoss
  max_iters: 100000
  mu: 8.343480449214635
  n_cells: 2
  n_partitions: 196
  partitioner: VPartition
  random_state: 0
  verbose: false
test_score: 0.05349339853116013
train_time: 0.4347717761993408
val_score: 0.2199026264707392
