contains_categorical: postprocessed
dummy_loss: 6.758185010459466
dummy_metadata:
  auc: 0.5
  zo_loss: 0.1875
metadata:
  n_epochs: 461
  test:
    auc: 0.6538461538461539
    zo_loss: 0.25
  val:
    auc: 0.8333333333333333
    zo_loss: 0.12903225806451613
model_name: JOPLEn
params:
  Group21Norm_lam: 3.5401385960476914
  SquaredFNorm_lam: 1000.0
  cell_model: CellModel.linear
  loss_fn: LogisticLoss
  max_iters: 100000
  n_cells: 4
  n_partitions: 15
  partitioner: LinearForestPartition
  random_state: 0
  verbose: false
test_score: 0.5383203153837297
train_time: 1.4660007953643799
val_score: 0.341530584050447
