contains_categorical: postprocessed
dummy_loss: 1.7055356493273102
dummy_metadata:
  auc: 0.5
  zo_loss: 0.04731861198738174
metadata:
  n_epochs: 127
  test:
    auc: 0.9854304635761589
    zo_loss: 0.03154574132492116
  val:
    auc: 0.9764119601328904
    zo_loss: 0.02848101265822789
model_name: JOPLEn
params:
  GroupInf1Norm_lam: 1000.0
  cell_model: CellModel.linear
  loss_fn: LogisticLoss
  max_iters: 100000
  mu: 2.5170300117631914
  n_cells: 14
  n_partitions: 1000
  partitioner: VPartition
  random_state: 0
  verbose: false
test_score: 0.0781704571359068
train_time: 3.3194844722747803
val_score: 0.08137674152509389
