contains_categorical: postprocessed
dummy_loss: 16.277778949923878
dummy_metadata:
  auc: 0.5
  zo_loss: 0.4516129032258065
metadata:
  n_epochs: 155
  test:
    auc: 0.7521008403361344
    zo_loss: 0.25806451612903225
  val:
    auc: 0.8354978354978355
    zo_loss: 0.2622950819672131
model_name: JOPLEn
params:
  L1Norm_lam: 5.9744899250690394e-05
  cell_model: CellModel.constant
  loss_fn: LogisticLoss
  max_iters: 100000
  mu: 0.1586001980764425
  n_cells: 5
  n_partitions: 11
  partitioner: RFPartition
  random_state: 0
  verbose: false
test_score: 0.5973112906997562
train_time: 0.4030759334564209
val_score: 0.49486135850039115
