contains_categorical: postprocessed
dummy_loss: 17.336333900041623
dummy_metadata:
  auc: 0.5
  zo_loss: 0.48098159509202454
metadata:
  n_epochs: 723
  test:
    auc: 0.8823032759202972
    zo_loss: 0.19263803680981595
  val:
    auc: 0.8821313866406705
    zo_loss: 0.19533169533169537
model_name: JOPLEn
params:
  GroupInf1Norm_lam: 0.0023073384322944515
  SquaredFNorm_lam: 0.0013986748610794885
  cell_model: CellModel.linear
  loss_fn: LogisticLoss
  max_iters: 100000
  n_cells: 16
  n_partitions: 961
  partitioner: LinearForestPartition
  random_state: 0
  verbose: false
test_score: 0.4061838059189217
train_time: 25.936498403549194
val_score: 0.4035765771807927
