contains_categorical: postprocessed
dummy_loss: 13.216006242676288
dummy_metadata:
  auc: 0.5
  zo_loss: 0.3666666666666667
metadata:
  n_epochs: 106
  test:
    auc: 0.8516746411483254
    zo_loss: 0.1333333333333333
  val:
    auc: 0.9235588972431078
    zo_loss: 0.18644067796610164
model_name: JOPLEn
params:
  Group21Norm_lam: 358.49336233157265
  cell_model: CellModel.linear
  loss_fn: LogisticLoss
  max_iters: 100000
  mu: 5.051689895999459
  n_cells: 6
  n_partitions: 10
  partitioner: VPartition
  random_state: 0
  verbose: false
test_score: 0.4214348267019617
train_time: 0.3010220527648926
val_score: 0.380586265448846
