contains_categorical: postprocessed
dummy_loss: 0.5721214823669392
dummy_metadata:
  auc: 0.5
  zo_loss: 0.015873015873015928
metadata:
  n_epochs: 163
  test:
    auc: 0.9793906810035842
    zo_loss: 0.021164021164021163
  val:
    auc: 0.8625336927223719
    zo_loss: 0.01591511936339518
model_name: JOPLEn
params:
  SquaredFNorm_lam: 0.052101725832170126
  SquaredLaplacian_lam: 1.0e-05
  SquaredLaplacian_laplacian_type: LaplacianType.NORMALIZED
  SquaredLaplacian_sigma: 0.014912820120951529
  cell_model: CellModel.constant
  loss_fn: LogisticLoss
  max_iters: 100000
  mu: 2.248538809642904
  n_cells: 27
  n_partitions: 657
  partitioner: GBPartition
  random_state: 0
  verbose: false
test_score: 0.046241743937965554
train_time: 4.923093795776367
val_score: 0.05566882859967154
