contains_categorical: postprocessed
dummy_loss: 6.758185010459466
dummy_metadata:
  auc: 0.5
  zo_loss: 0.1875
metadata:
  n_epochs: 112
  test:
    auc: 0.6153846153846154
    zo_loss: 0.25
  val:
    auc: 0.82
    zo_loss: 0.16129032258064513
model_name: JOPLEn
params:
  SquaredFNorm_lam: 0.08069863584883351
  SquaredLaplacian_lam: 0.016603945243450505
  SquaredLaplacian_laplacian_type: LaplacianType.LEFT_NORMALIZED
  SquaredLaplacian_sigma: 0.0003663927016307814
  cell_model: CellModel.constant
  loss_fn: LogisticLoss
  max_iters: 100000
  mu: 8.051028604971673
  n_cells: 18
  n_partitions: 47
  partitioner: GBPartition
  random_state: 0
  verbose: false
test_score: 0.5576905524493474
train_time: 0.3836188316345215
val_score: 0.37731727192713155
