contains_categorical: false
dummy_loss: 21.626192033470293
dummy_metadata:
  auc: 0.5
  zo_loss: 0.6
metadata:
  test:
    auc: 1.0
    zo_loss: 0.0
  val:
    auc: 0.96
    zo_loss: 0.09999999999999998
model_name: NN
params:
  activation: relu
  alpha: 3.160919404482919e-05
  batch_size: 64
  epochs: 10000
  hidden_layer_size: 53
  learning_rate: 6.673709291865053
  n_hidden_layers: 3
  patience: 100
test_score: 0.018951233067747795
train_time: 2.8255560398101807
val_score: 0.2592969455965197
