contains_categorical: postprocessed
dummy_loss: 12.270179877146266
dummy_metadata:
  auc: 0.5
  zo_loss: 0.34042553191489366
metadata:
  n_epochs: 112
  test:
    auc: 0.7116935483870968
    zo_loss: 0.276595744680851
  val:
    auc: 0.7653688524590164
    zo_loss: 0.30107526881720426
model_name: JOPLEn
params:
  SquaredFNorm_lam: 0.0006047216495702315
  SquaredLaplacian_lam: 0.00022643680621503099
  SquaredLaplacian_laplacian_type: LaplacianType.NORMALIZED
  SquaredLaplacian_sigma: 39.55590563616862
  cell_model: CellModel.constant
  loss_fn: LogisticLoss
  max_iters: 100000
  mu: 6.248623929209918
  n_cells: 21
  n_partitions: 64
  partitioner: GBPartition
  random_state: 0
  verbose: false
test_score: 0.604496794188801
train_time: 0.5019209384918213
val_score: 0.5528051567321578
