contains_categorical: postprocessed
dummy_loss: 13.21600624267629
dummy_metadata:
  auc: 0.5
  zo_loss: 0.3666666666666667
metadata:
  n_epochs: 137
  test:
    auc: 0.8277511961722488
    zo_loss: 0.19999999999999996
  val:
    auc: 0.8922305764411028
    zo_loss: 0.18644067796610164
model_name: JOPLEn
params:
  GroupInf1Norm_lam: 1000.0
  cell_model: CellModel.linear
  loss_fn: LogisticLoss
  max_iters: 100000
  mu: 1.0
  n_cells: 12
  n_partitions: 27
  partitioner: VPartition
  random_state: 0
  verbose: false
test_score: 0.4853055942996801
train_time: 0.38775110244750977
val_score: 0.40370359729912136
