contains_categorical: postprocessed
dummy_loss: 15.44728002390735
dummy_metadata:
  auc: 0.5
  zo_loss: 0.4285714285714286
metadata:
  n_epochs: 123
  test:
    auc: 1.0
    zo_loss: 0.0714285714285714
  val:
    auc: 0.8241758241758241
    zo_loss: 0.2592592592592593
model_name: JOPLEn
params:
  SquaredFNorm_lam: 0.0007415488987717197
  cell_model: CellModel.constant
  loss_fn: LogisticLoss
  max_iters: 100000
  mu: 7.367205426293391
  n_cells: 4
  n_partitions: 114
  partitioner: LinearForestPartition
  random_state: 0
  verbose: false
test_score: 0.18042211401701996
train_time: 0.39177966117858887
val_score: 0.5289784028595454
