contains_categorical: false
dummy_loss: 0.8744479406644686
dummy_metadata: {}
metadata:
  test: {}
  val: {}
model_name: XGBRegressor
params:
  early_stopping_rounds: 33
  learning_rate: 0.08486555619184863
  max_leaves: 25
  n_estimators: 71
  objective: reg:squarederror
  random_state: 0
  reg_alpha: 0.002085295664651436
  reg_lambda: 0.0010032314868797286
  verbosity: 0
test_score: 0.3223219701962657
train_time: 1.3919343948364258
val_score: 0.3615420448007412
