contains_categorical: false
dummy_loss: 10.2981866826049
dummy_metadata:
  auc: 0.5
  zo_loss: 0.2857142857142857
metadata:
  n_epochs: 740
  test:
    auc: 0.8400000000000001
    zo_loss: 0.19999999999999996
  val:
    auc: 0.9669762641898865
    zo_loss: 0.12857142857142856
model_name: JOPLEn
params:
  SquaredFNorm_lam: 154.33026834172176
  SquaredLaplacian_lam: 0.004140326371717217
  SquaredLaplacian_laplacian_type: LaplacianType.STANDARD
  SquaredLaplacian_sigma: 0.400988791222593
  cell_model: CellModel.linear
  loss_fn: LogisticLoss
  max_iters: 100000
  mu: 4.94774343895223
  n_cells: 7
  n_partitions: 17
  partitioner: GBPartition
  random_state: 0
  verbose: false
test_score: 0.7019862571452042
train_time: 2.380817174911499
val_score: 0.19338431286887575
