contains_categorical: false
dummy_loss: 16.019401506274292
dummy_metadata:
  auc: 0.5
  zo_loss: 0.4444444444444444
metadata:
  n_epochs: 111
  test:
    auc: 0.65
    zo_loss: 0.33333333333333337
  val:
    auc: 0.935064935064935
    zo_loss: 0.16666666666666663
model_name: JOPLEn
params:
  SquaredFNorm_lam: 6.657061880076845e-05
  cell_model: CellModel.linear
  loss_fn: LogisticLoss
  max_iters: 100000
  mu: 1.0
  n_cells: 2
  n_partitions: 1000
  partitioner: VPartition
  random_state: 0
  verbose: false
test_score: 0.5986409495916594
train_time: 0.8895487785339355
val_score: 0.36606587302478694
