contains_categorical: postprocessed
dummy_loss: 16.277778949923874
dummy_metadata:
  auc: 0.5
  zo_loss: 0.4516129032258065
metadata:
  n_epochs: 121
  test:
    auc: 0.7857142857142858
    zo_loss: 0.19354838709677424
  val:
    auc: 0.7895021645021645
    zo_loss: 0.21311475409836067
model_name: JOPLEn
params:
  SquaredFNorm_lam: 0.0006719554413854718
  SquaredLaplacian_lam: 2.4149683741354705e-05
  SquaredLaplacian_laplacian_type: LaplacianType.LEFT_NORMALIZED
  SquaredLaplacian_sigma: 2.0385270041749446
  cell_model: CellModel.constant
  loss_fn: LogisticLoss
  max_iters: 100000
  mu: 6.727066315081501
  n_cells: 2
  n_partitions: 518
  partitioner: GBPartition
  random_state: 0
  verbose: false
test_score: 0.5713588851334943
train_time: 0.5997657775878906
val_score: 0.5527354478416658
