contains_categorical: false
dummy_loss: 12.638683655924195
dummy_metadata:
  auc: 0.5
  zo_loss: 0.35064935064935066
metadata:
  n_epochs: 129
  test:
    auc: 0.8681481481481481
    zo_loss: 0.22077922077922074
  val:
    auc: 0.834074074074074
    zo_loss: 0.22077922077922074
model_name: JOPLEn
params:
  L1Norm_lam: 2.84546921919654e-05
  cell_model: CellModel.constant
  loss_fn: LogisticLoss
  max_iters: 100000
  mu: 7.40717664469381
  n_cells: 2
  n_partitions: 675
  partitioner: RFPartition
  random_state: 0
  verbose: false
test_score: 0.4285332485340566
train_time: 0.94356369972229
val_score: 0.480703608277472
