contains_categorical: false
dummy_loss: 21.626192033470293
dummy_metadata:
  auc: 0.5
  zo_loss: 0.6
metadata:
  n_epochs: 29386
  test:
    auc: 1.0
    zo_loss: 0.19999999999999996
  val:
    auc: 0.9600000000000001
    zo_loss: 0.19999999999999996
model_name: JOPLEn
params:
  GroupInf1Norm_lam: 1.0e-05
  cell_model: CellModel.linear
  loss_fn: LogisticLoss
  max_iters: 100000
  mu: 8.249657263777237
  n_cells: 2
  n_partitions: 16
  partitioner: VPartition
  random_state: 0
  verbose: false
test_score: 0.1970847640560513
train_time: 181.35869359970093
val_score: 0.23764254448691152
