contains_categorical: false
dummy_loss: 14.229815437785946
dummy_metadata:
  auc: 0.5
  zo_loss: 0.3947939262472885
metadata:
  n_epochs: 144
  test:
    auc: 0.9684705975028556
    zo_loss: 0.07375271149674623
  val:
    auc: 0.9882126378740173
    zo_loss: 0.033695652173913015
model_name: JOPLEn
params:
  Group21Norm_lam: 1000.0
  cell_model: CellModel.linear
  loss_fn: LogisticLoss
  max_iters: 100000
  mu: 8.45799322358132
  n_cells: 32
  n_partitions: 1000
  partitioner: RFPartition
  random_state: 0
  verbose: false
test_score: 0.23578508282997762
train_time: 8.909821033477783
val_score: 0.12134268072406022
