contains_categorical: postprocessed
dummy_loss: 12.014551129705717
dummy_metadata:
  auc: 0.5
  zo_loss: 0.33333333333333337
metadata:
  n_epochs: 13821
  test:
    auc: 1.0
    zo_loss: 0.0
  val:
    auc: 1.0
    zo_loss: 0.0
model_name: JOPLEn
params:
  Group21Norm_lam: 596.1802336888044
  cell_model: CellModel.linear
  loss_fn: LogisticLoss
  max_iters: 100000
  mu: 7.477443497581265
  n_cells: 2
  n_partitions: 144
  partitioner: RFPartition
  random_state: 0
  verbose: false
test_score: 3.1789153827812096e-07
train_time: 38.01493692398071
val_score: 0.03379074585868237
