contains_categorical: postprocessed
dummy_loss: 21.626192033470293
dummy_metadata:
  auc: 0.5
  zo_loss: 0.6
metadata:
  n_epochs: 111
  test:
    auc: 0.3333333333333333
    zo_loss: 0.4
  val:
    auc: 0.52
    zo_loss: 0.4
model_name: JOPLEn
params:
  SquaredFNorm_lam: 23.76163851745085
  SquaredLaplacian_lam: 0.28966695516841384
  SquaredLaplacian_laplacian_type: LaplacianType.NORMALIZED
  SquaredLaplacian_sigma: 0.0003104828735671296
  cell_model: CellModel.constant
  loss_fn: LogisticLoss
  max_iters: 100000
  mu: 2.2861808290848673
  n_cells: 16
  n_partitions: 121
  partitioner: LinearForestPartition
  random_state: 0
  verbose: false
test_score: 0.6951660131973216
train_time: 0.40828824043273926
val_score: 0.6924944412233879
