contains_categorical: false
dummy_loss: 18.74269976234092
dummy_metadata:
  auc: 0.5
  zo_loss: 0.52
metadata:
  n_epochs: 1426
  test:
    auc: 0.9487179487179487
    zo_loss: 0.19999999999999996
  val:
    auc: 0.9648
    zo_loss: 0.12
model_name: JOPLEn
params:
  Group21Norm_lam: 1000.0
  cell_model: CellModel.linear
  loss_fn: LogisticLoss
  max_iters: 100000
  mu: 1.0e-05
  n_cells: 26
  n_partitions: 1000
  partitioner: VPartition
  random_state: 0
  verbose: false
test_score: 0.5544737305297829
train_time: 4.426955223083496
val_score: 0.2322715045870831
