contains_categorical: postprocessed
dummy_loss: 16.277778949923874
dummy_metadata:
  auc: 0.5
  zo_loss: 0.4516129032258065
metadata:
  n_epochs: 1915
  test:
    auc: 0.6974789915966386
    zo_loss: 0.32258064516129037
  val:
    auc: 0.817099567099567
    zo_loss: 0.19672131147540983
model_name: JOPLEn
params:
  GroupInf1Norm_lam: 10.197627144457238
  cell_model: CellModel.linear
  loss_fn: LogisticLoss
  max_iters: 100000
  mu: 1.0e-05
  n_cells: 2
  n_partitions: 104
  partitioner: VPartition
  random_state: 0
  verbose: false
test_score: 0.6307853482831665
train_time: 5.146426439285278
val_score: 0.5170900233256848
