contains_categorical: false
dummy_loss: 15.769098357738756
dummy_metadata:
  auc: 0.5
  zo_loss: 0.4375
metadata:
  n_epochs: 103
  test:
    auc: 1.0
    zo_loss: 0.0
  val:
    auc: 1.0
    zo_loss: 0.0
model_name: JOPLEn
params:
  Group21Norm_lam: 150.37585774562507
  cell_model: CellModel.linear
  loss_fn: LogisticLoss
  max_iters: 100000
  mu: 8.825665861774251
  n_cells: 32
  n_partitions: 252
  partitioner: RFPartition
  random_state: 0
  verbose: false
test_score: 1.1920929665620916e-07
train_time: 0.6435644626617432
val_score: 1.192092966562092e-07
