contains_categorical: false
dummy_loss: 13.27924072230632
dummy_metadata:
  auc: 0.5
  zo_loss: 0.368421052631579
metadata:
  n_epochs: 172
  test:
    auc: 0.9629629629629629
    zo_loss: 0.10526315789473684
  val:
    auc: 0.9990173599737963
    zo_loss: 0.02631578947368418
model_name: JOPLEn
params:
  SquaredFNorm_lam: 0.00029485993007890833
  SquaredLaplacian_lam: 0.0001291830356580392
  SquaredLaplacian_laplacian_type: LaplacianType.LEFT_NORMALIZED
  SquaredLaplacian_sigma: 0.6958789424454542
  cell_model: CellModel.constant
  loss_fn: LogisticLoss
  max_iters: 100000
  mu: 9.162444111137027
  n_cells: 2
  n_partitions: 161
  partitioner: LinearForestPartition
  random_state: 0
  verbose: false
test_score: 0.3932764401524
train_time: 0.8187808990478516
val_score: 0.05295855936212765
