contains_categorical: false
dummy_loss: 17.826996135698483
dummy_metadata:
  auc: 0.5
  zo_loss: 0.49459459459459465
metadata:
  n_epochs: 145
  test:
    auc: 0.9940022208585371
    zo_loss: 0.03918918918918923
  val:
    auc: 0.9930688144197921
    zo_loss: 0.043272481406355645
model_name: JOPLEn
params:
  L1Norm_lam: 7.58447355091256e-05
  cell_model: CellModel.constant
  loss_fn: LogisticLoss
  max_iters: 100000
  mu: 8.654997669628196
  n_cells: 32
  n_partitions: 1000
  partitioner: RFPartition
  random_state: 0
  verbose: false
test_score: 0.1025742624138775
train_time: 21.466448545455933
val_score: 0.10912275406469141
