contains_categorical: false
dummy_loss: 17.506917360428332
dummy_metadata:
  auc: 0.5
  zo_loss: 0.48571428571428577
metadata:
  n_epochs: 106
  test:
    auc: 0.7026143790849674
    zo_loss: 0.37142857142857144
  val:
    auc: 0.6
    zo_loss: 0.3913043478260869
model_name: JOPLEn
params:
  SquaredFNorm_lam: 0.6608892797414511
  cell_model: CellModel.constant
  loss_fn: LogisticLoss
  max_iters: 100000
  mu: 10.0
  n_cells: 32
  n_partitions: 102
  partitioner: GBPartition
  random_state: 0
  verbose: false
test_score: 0.6615488343214365
train_time: 0.36965441703796387
val_score: 0.6802429631730834
