contains_categorical: postprocessed
dummy_loss: 16.277778949923874
dummy_metadata:
  auc: 0.5
  zo_loss: 0.4516129032258065
metadata:
  n_epochs: 113
  test:
    auc: 0.7100840336134454
    zo_loss: 0.3548387096774194
  val:
    auc: 0.7911255411255411
    zo_loss: 0.2295081967213115
model_name: JOPLEn
params:
  SquaredFNorm_lam: 0.6035875076085049
  cell_model: CellModel.linear
  loss_fn: LogisticLoss
  max_iters: 100000
  mu: 8.688441636348966
  n_cells: 2
  n_partitions: 543
  partitioner: RFPartition
  random_state: 0
  verbose: false
test_score: 0.7125845374131206
train_time: 0.7293529510498047
val_score: 0.533921195099599
