contains_categorical: postprocessed
dummy_loss: 21.626192033470293
dummy_metadata:
  auc: 0.5
  zo_loss: 0.6
metadata:
  n_epochs: 107
  test:
    auc: 0.5
    zo_loss: 0.4
  val:
    auc: 0.5599999999999999
    zo_loss: 0.5
model_name: JOPLEn
params:
  GroupInf1Norm_lam: 52.89512768881289
  cell_model: CellModel.linear
  loss_fn: LogisticLoss
  max_iters: 100000
  mu: 1.0
  n_cells: 24
  n_partitions: 14
  partitioner: VPartition
  random_state: 0
  verbose: false
test_score: 0.7128164106689129
train_time: 0.6515529155731201
val_score: 0.6808694149353909
