contains_categorical: postprocessed
dummy_loss: 11.15636890615531
dummy_metadata:
  auc: 0.5
  zo_loss: 0.30952380952380953
metadata:
  n_epochs: 109
  test:
    auc: 0.6241379310344828
    zo_loss: 0.2666666666666667
  val:
    auc: 0.6401535372022674
    zo_loss: 0.27380952380952384
model_name: JOPLEn
params:
  SquaredFNorm_lam: 0.08382311783161606
  SquaredLaplacian_lam: 6.804602380309508e-05
  SquaredLaplacian_laplacian_type: LaplacianType.NORMALIZED
  SquaredLaplacian_sigma: 0.27945456875487845
  cell_model: CellModel.linear
  loss_fn: LogisticLoss
  max_iters: 100000
  mu: 4.295363221473638
  n_cells: 12
  n_partitions: 136
  partitioner: GBPartition
  random_state: 0
  verbose: false
test_score: 0.5848468586208763
train_time: 0.6412544250488281
val_score: 0.5874587821994013
