contains_categorical: postprocessed
dummy_loss: 5.118198781254636
dummy_metadata:
  auc: 0.5
  zo_loss: 0.14200000000000002
metadata:
  n_epochs: 227
  test:
    auc: 0.7690337831182902
    zo_loss: 0.12
  val:
    auc: 0.7894989171584917
    zo_loss: 0.10210210210210213
model_name: JOPLEn
params:
  SquaredFNorm_lam: 39.923532171720936
  cell_model: CellModel.linear
  loss_fn: LogisticLoss
  max_iters: 100000
  mu: 7.947101181561447
  n_cells: 32
  n_partitions: 27
  partitioner: GBPartition
  random_state: 0
  verbose: false
test_score: 0.3220606307914163
train_time: 0.8558313846588135
val_score: 0.30290853595299794
