contains_categorical: postprocessed
dummy_loss: 16.19352543569032
dummy_metadata:
  auc: 0.5
  zo_loss: 0.4492753623188406
metadata:
  test:
    auc: 0.8395585738539897
    zo_loss: 0.23188405797101452
  val:
    auc: 0.8301043219076006
    zo_loss: 0.28985507246376807
model_name: ExtraTreesClassifier
params:
  criterion: log_loss
  max_depth: 5
  max_features: 1
  max_leaf_nodes: 28
  n_estimators: 10
  random_state: 0
test_score: 0.5664561782846862
train_time: 0.007793903350830078
val_score: 0.590434902077325
