contains_categorical: postprocessed
dummy_loss: 10.813096016735146
dummy_metadata:
  auc: 0.5
  zo_loss: 0.30000000000000004
metadata:
  n_epochs: 147
  test:
    auc: 1.0
    zo_loss: 0.0
  val:
    auc: 1.0
    zo_loss: 0.0
model_name: JOPLEn
params:
  SquaredFNorm_lam: 0.021586867825133273
  SquaredLaplacian_lam: 0.0015401186147318824
  SquaredLaplacian_laplacian_type: LaplacianType.LEFT_NORMALIZED
  SquaredLaplacian_sigma: 0.570669285713522
  cell_model: CellModel.linear
  loss_fn: LogisticLoss
  max_iters: 100000
  mu: 7.612469113193718
  n_cells: 10
  n_partitions: 121
  partitioner: RFPartition
  random_state: 0
  verbose: false
test_score: 1.251697620219268e-07
train_time: 0.5283362865447998
val_score: 1.1920929665620914e-07
