contains_categorical: false
dummy_loss: 16.961719241937484
dummy_metadata:
  auc: 0.5
  zo_loss: 0.47058823529411764
metadata:
  n_epochs: 103
  test:
    auc: 0.986111111111111
    zo_loss: 0.05882352941176472
  val:
    auc: 0.9037037037037038
    zo_loss: 0.21212121212121215
model_name: JOPLEn
params:
  SquaredFNorm_lam: 0.00021241069386392796
  SquaredLaplacian_lam: 6.770140526543287e-05
  SquaredLaplacian_laplacian_type: LaplacianType.STANDARD
  SquaredLaplacian_sigma: 0.00018971444111249536
  cell_model: CellModel.constant
  loss_fn: LogisticLoss
  max_iters: 100000
  mu: 7.211592656556043
  n_cells: 25
  n_partitions: 19
  partitioner: VPartition
  random_state: 0
  verbose: false
test_score: 0.23288411765142616
train_time: 0.34473633766174316
val_score: 0.4226590407378294
