contains_categorical: false
dummy_loss: 21.626192033470293
dummy_metadata:
  auc: 0.5
  zo_loss: 0.6
metadata:
  test:
    auc: 1.0
    zo_loss: 0.0
  val:
    auc: 0.9600000000000001
    zo_loss: 0.09999999999999998
model_name: ExtraTreesClassifier
params:
  criterion: log_loss
  max_depth: 5
  max_features: 1
  max_leaf_nodes: 27
  n_estimators: 10
  random_state: 0
test_score: 0.36408075779767757
train_time: 0.010024785995483398
val_score: 0.351245623442884
