contains_categorical: postprocessed
dummy_loss: 16.19352543569032
dummy_metadata:
  auc: 0.5
  zo_loss: 0.4492753623188406
metadata:
  n_epochs: 129
  test:
    auc: 0.9176570458404074
    zo_loss: 0.17391304347826086
  val:
    auc: 0.8452203534170747
    zo_loss: 0.2246376811594203
model_name: JOPLEn
params:
  SquaredFNorm_lam: 0.00013507988735433327
  cell_model: CellModel.linear
  loss_fn: LogisticLoss
  max_iters: 100000
  mu: 1.0
  n_cells: 2
  n_partitions: 754
  partitioner: VPartition
  random_state: 0
  verbose: false
test_score: 0.35631715540044556
train_time: 0.7181098461151123
val_score: 0.4874155613268484
