contains_categorical: false
dummy_loss: 21.626192033470293
dummy_metadata:
  auc: 0.5
  zo_loss: 0.6
metadata:
  n_epochs: 113
  test:
    auc: 1.0
    zo_loss: 0.0
  val:
    auc: 0.9600000000000001
    zo_loss: 0.09999999999999998
model_name: JOPLEn
params:
  SquaredFNorm_lam: 0.038892092809976665
  SquaredLaplacian_lam: 0.02239563584089438
  SquaredLaplacian_laplacian_type: LaplacianType.STANDARD
  SquaredLaplacian_sigma: 1000.0
  cell_model: CellModel.linear
  loss_fn: LogisticLoss
  max_iters: 100000
  mu: 5.408148582817378
  n_cells: 2
  n_partitions: 35
  partitioner: LinearForestPartition
  random_state: 0
  verbose: false
test_score: 0.004868812856063211
train_time: 0.3763117790222168
val_score: 0.30132683606550936
