contains_categorical: postprocessed
dummy_loss: 17.336333900041623
dummy_metadata:
  auc: 0.5
  zo_loss: 0.48098159509202454
metadata:
  n_epochs: 635
  test:
    auc: 0.8823032759202972
    zo_loss: 0.19263803680981595
  val:
    auc: 0.8821313866406705
    zo_loss: 0.19533169533169537
model_name: JOPLEn
params:
  GroupInf1Norm_lam: 9.166515342701397
  cell_model: CellModel.linear
  loss_fn: LogisticLoss
  max_iters: 100000
  mu: 1.0
  n_cells: 32
  n_partitions: 45
  partitioner: VPartition
  random_state: 0
  verbose: false
test_score: 0.40695757993764015
train_time: 2.6269021034240723
val_score: 0.4032241415274757
