contains_categorical: false
dummy_loss: 6.553391525294028
dummy_metadata:
  auc: 0.5
  zo_loss: 0.18181818181818177
metadata:
  n_epochs: 301
  test:
    auc: 0.5555555555555556
    zo_loss: 0.2727272727272727
  val:
    auc: 1.0
    zo_loss: 0.0
model_name: JOPLEn
params:
  SquaredFNorm_lam: 0.006248711678315935
  cell_model: CellModel.linear
  loss_fn: LogisticLoss
  max_iters: 100000
  mu: 3.215490812367908
  n_cells: 17
  n_partitions: 170
  partitioner: GBPartition
  random_state: 0
  verbose: false
test_score: 2.3634931247699806
train_time: 0.8491110801696777
val_score: 0.020732685878143912
