contains_categorical: postprocessed
dummy_loss: 13.14091529811563
dummy_metadata:
  auc: 0.5
  zo_loss: 0.36458333333333337
metadata:
  n_epochs: 323
  test:
    auc: 0.9789227166276346
    zo_loss: 0.08333333333333337
  val:
    auc: 0.9785554377282903
    zo_loss: 0.08854166666666663
model_name: JOPLEn
params:
  Group21Norm_lam: 1.300289579564858
  cell_model: CellModel.linear
  loss_fn: LogisticLoss
  max_iters: 100000
  mu: 6.229789726478007
  n_cells: 5
  n_partitions: 1000
  partitioner: VPartition
  random_state: 0
  verbose: false
test_score: 0.18333038348021793
train_time: 1.3920783996582031
val_score: 0.1852132908320391
