contains_categorical: postprocessed
dummy_loss: 15.859207491211547
dummy_metadata:
  auc: 0.5
  zo_loss: 0.43999999999999995
metadata:
  test:
    auc: 0.6672077922077921
    zo_loss: 0.30000000000000004
  val:
    auc: 0.7435064935064934
    zo_loss: 0.28
model_name: RandomForestClassifier
params:
  ccp_alpha: 0.007014017816264106
  criterion: log_loss
  max_depth: 4
  max_leaf_nodes: 4
  n_estimators: 10
  n_jobs: -1
  random_state: 0
test_score: 0.6389224292146671
train_time: 0.06286358833312988
val_score: 0.578363161035603
