contains_categorical: false
dummy_loss: 0.9889478874248213
dummy_metadata: {}
metadata:
  test: {}
  val: {}
model_name: MultiTaskTrees
params:
  alpha: 0.0038311184418998237
  batch_size: 128
  depth: 4
  epochs: 10000
  learning_rate: 0.004015653341424471
  loss_criteria: mse
  num_tasks: 1
  num_trees: 42
  power: 4.6963097140639425
test_score: 0.52659708744944
train_time: 6.964008331298828
val_score: 0.619556718561175
