contains_categorical: postprocessed
dummy_loss: 5.118198781254636
dummy_metadata:
  auc: 0.5
  zo_loss: 0.14200000000000002
metadata:
  n_epochs: 273
  test:
    auc: 0.7824616697856134
    zo_loss: 0.10799999999999998
  val:
    auc: 0.7970870736828184
    zo_loss: 0.10010010010010006
model_name: JOPLEn
params:
  SquaredFNorm_lam: 88.01777421745176
  SquaredLaplacian_lam: 0.04540291662304677
  SquaredLaplacian_laplacian_type: LaplacianType.LEFT_NORMALIZED
  SquaredLaplacian_sigma: 0.0018059824876904443
  cell_model: CellModel.linear
  loss_fn: LogisticLoss
  max_iters: 100000
  mu: 5.275029750055453
  n_cells: 17
  n_partitions: 73
  partitioner: RFPartition
  random_state: 0
  verbose: false
test_score: 0.3118191001407711
train_time: 2.052251100540161
val_score: 0.2944450313467459
