contains_categorical: false
dummy_loss: 18.021826694558573
dummy_metadata:
  auc: 0.5
  zo_loss: 0.5
metadata:
  n_epochs: 198
  test:
    auc: 0.5377586670249933
    zo_loss: 0.5163934426229508
  val:
    auc: 0.6323338569769824
    zo_loss: 0.4049586776859504
model_name: JOPLEn
params:
  SquaredFNorm_lam: 0.0030984346946658836
  cell_model: CellModel.linear
  loss_fn: LogisticLoss
  max_iters: 100000
  mu: 5.127830404404929
  n_cells: 25
  n_partitions: 1000
  partitioner: GBPartition
  random_state: 0
  verbose: false
test_score: 0.6898776379810347
train_time: 14.490731239318848
val_score: 0.6642730314200607
