contains_categorical: postprocessed
dummy_loss: 7.20873067782343
dummy_metadata:
  auc: 0.5
  zo_loss: 0.19999999999999996
metadata:
  n_epochs: 128
  test:
    auc: 0.8125
    zo_loss: 0.30000000000000004
  val:
    auc: 0.9333333333333335
    zo_loss: 0.15000000000000002
model_name: JOPLEn
params:
  Group21Norm_lam: 46.17820511726927
  cell_model: CellModel.linear
  loss_fn: LogisticLoss
  max_iters: 100000
  mu: 5.222068075133126
  n_cells: 2
  n_partitions: 418
  partitioner: VPartition
  random_state: 0
  verbose: false
test_score: 0.43538966830990644
train_time: 0.557436466217041
val_score: 0.3072594309424707
