contains_categorical: postprocessed
dummy_loss: 6.007275564852859
dummy_metadata:
  auc: 0.5
  zo_loss: 0.16666666666666663
metadata:
  n_epochs: 119
  test:
    auc: 0.4666666666666667
    zo_loss: 0.2222222222222222
  val:
    auc: 0.6774193548387097
    zo_loss: 0.13888888888888884
model_name: JOPLEn
params:
  GroupInf1Norm_lam: 4.879164605288463
  cell_model: CellModel.linear
  loss_fn: LogisticLoss
  max_iters: 100000
  mu: 1.0
  n_cells: 13
  n_partitions: 93
  partitioner: VPartition
  random_state: 0
  verbose: false
test_score: 0.5285941165657531
train_time: 0.6674950122833252
val_score: 0.3963290382729079
