contains_categorical: false
dummy_loss: 1.2441574515892684
dummy_metadata: {}
metadata:
  test: {}
  val: {}
model_name: MultiTaskTrees
params:
  alpha: 0.04434487954099887
  batch_size: 32
  depth: 1
  epochs: 10000
  learning_rate: 0.001
  loss_criteria: mse
  num_tasks: 1
  num_trees: 232
  power: 0.00014579775602697884
test_score: 0.49909474347317323
train_time: 2.2040507793426514
val_score: 0.4298503192689194
