contains_categorical: postprocessed
dummy_loss: 16.19352543569032
dummy_metadata:
  auc: 0.5
  zo_loss: 0.4492753623188406
metadata:
  test:
    auc: 0.8599320882852293
    zo_loss: 0.2028985507246377
  val:
    auc: 0.8839684905258676
    zo_loss: 0.16666666666666663
model_name: XGBClassifier
params:
  early_stopping_rounds: 18
  learning_rate: 0.5059951143171468
  max_leaves: 7
  n_estimators: 94
  objective: reg:logistic
  random_state: 0
  reg_alpha: 0.04036345051241736
  reg_lambda: 0.00011168469316523277
  verbosity: 0
test_score: 0.4407508899462586
train_time: 0.3426055908203125
val_score: 0.4127931636025891
