contains_categorical: false
dummy_loss: 5.570382796499923
dummy_metadata:
  auc: 0.5
  zo_loss: 0.15454545454545454
metadata:
  test:
    auc: 1.0
    zo_loss: 0.0
  val:
    auc: 1.0
    zo_loss: 0.0
model_name: XGBClassifier
params:
  early_stopping_rounds: 65
  learning_rate: 0.7658958656681265
  max_leaves: 9
  n_estimators: 103
  objective: reg:logistic
  random_state: 0
  reg_alpha: 0.009268716321198201
  reg_lambda: 0.00027200353924177725
  verbosity: 0
test_score: 0.00034152646531556585
train_time: 1.1022393703460693
val_score: 0.0003356969699299492
