contains_categorical: postprocessed
dummy_loss: 17.336333900041623
dummy_metadata:
  auc: 0.5
  zo_loss: 0.48098159509202454
metadata:
  n_epochs: 5001
  test:
    auc: 0.8824480146668597
    zo_loss: 0.19263803680981595
  val:
    auc: 0.8819424607223015
    zo_loss: 0.19533169533169537
model_name: JOPLEn
params:
  GroupInf1Norm_lam: 56.400604495531525
  cell_model: CellModel.linear
  loss_fn: LogisticLoss
  max_iters: 100000
  mu: 4.952507526670165
  n_cells: 4
  n_partitions: 20
  partitioner: VPartition
  random_state: 0
  verbose: false
test_score: 0.4059804646076832
train_time: 13.128392934799194
val_score: 0.40333293951633187
