contains_categorical: false
dummy_loss: 10.593236393474356
dummy_metadata:
  auc: 0.5
  zo_loss: 0.2939001848428835
metadata:
  n_epochs: 129
  test:
    auc: 0.9383088017386151
    zo_loss: 0.10720887245841038
  val:
    auc: 0.9317487420980605
    zo_loss: 0.12962962962962965
model_name: JOPLEn
params:
  L1Norm_lam: 0.00016584630782637033
  cell_model: CellModel.constant
  loss_fn: LogisticLoss
  max_iters: 100000
  mu: 2.374275993073426
  n_cells: 32
  n_partitions: 1000
  partitioner: LinearForestPartition
  random_state: 0
  verbose: false
test_score: 0.28725464796512507
train_time: 10.936431884765625
val_score: 0.3130210040205706
