contains_categorical: postprocessed
dummy_loss: 13.63813912020649
dummy_metadata:
  auc: 0.5
  zo_loss: 0.3783783783783784
metadata:
  n_epochs: 103
  test:
    auc: 0.7360248447204969
    zo_loss: 0.29729729729729726
  val:
    auc: 0.6627265563435776
    zo_loss: 0.3513513513513513
model_name: JOPLEn
params:
  SquaredFNorm_lam: 1.0e-05
  SquaredLaplacian_lam: 0.05006534540076745
  SquaredLaplacian_laplacian_type: LaplacianType.STANDARD
  SquaredLaplacian_sigma: 7.669023981060138
  cell_model: CellModel.linear
  loss_fn: LogisticLoss
  max_iters: 100000
  mu: 1.0
  n_cells: 13
  n_partitions: 10
  partitioner: VPartition
  random_state: 0
  verbose: false
test_score: 0.6431356783926923
train_time: 0.3502810001373291
val_score: 0.609107708989183
