contains_categorical: postprocessed
dummy_loss: 17.336333900041623
dummy_metadata:
  auc: 0.5
  zo_loss: 0.48098159509202454
metadata:
  n_epochs: 2255
  test:
    auc: 0.8823032759202972
    zo_loss: 0.19263803680981595
  val:
    auc: 0.8821313866406705
    zo_loss: 0.19533169533169537
model_name: JOPLEn
params:
  Group21Norm_lam: 0.15442874055975023
  cell_model: CellModel.linear
  loss_fn: LogisticLoss
  max_iters: 100000
  mu: 5.304570006800682
  n_cells: 13
  n_partitions: 242
  partitioner: VPartition
  random_state: 0
  verbose: false
test_score: 0.4061521499036941
train_time: 13.272712707519531
val_score: 0.4035502101678972
