contains_categorical: postprocessed
dummy_loss: 13.01576372384786
dummy_metadata:
  auc: 0.5
  zo_loss: 0.36111111111111116
metadata:
  test:
    auc: 0.882943143812709
    zo_loss: 0.19444444444444442
  val:
    auc: 0.9768888888888889
    zo_loss: 0.09999999999999998
model_name: LinearForestClassifier
params:
  ccp_alpha: 0.014764067849888492
  max_depth: 4
  max_leaf_nodes: 19
  n_estimators: 10
  random_state: 0
test_score: 0.6808686933028147
train_time: 0.02571392059326172
val_score: 0.3523938394671517
