contains_categorical: postprocessed
dummy_loss: 12.191235705142565
dummy_metadata:
  auc: 0.5
  zo_loss: 0.3382352941176471
metadata:
  n_epochs: 1222
  test:
    auc: 0.621256038647343
    zo_loss: 0.3088235294117647
  val:
    auc: 0.7217283950617284
    zo_loss: 0.2962962962962963
model_name: JOPLEn
params:
  Group21Norm_lam: 184.30683007588843
  cell_model: CellModel.linear
  loss_fn: LogisticLoss
  max_iters: 100000
  mu: 1.0e-05
  n_cells: 2
  n_partitions: 1000
  partitioner: VPartition
  random_state: 0
  verbose: false
test_score: 0.633842051684922
train_time: 3.9573092460632324
val_score: 0.5744353518874542
