contains_categorical: postprocessed
dummy_loss: 16.19352543569032
dummy_metadata:
  auc: 0.5
  zo_loss: 0.4492753623188406
metadata:
  n_epochs: 113
  test:
    auc: 0.8599320882852293
    zo_loss: 0.14492753623188404
  val:
    auc: 0.8705556738343624
    zo_loss: 0.16666666666666663
model_name: JOPLEn
params:
  L1Norm_lam: 0.00011701068598260699
  cell_model: CellModel.constant
  loss_fn: LogisticLoss
  max_iters: 100000
  mu: 6.7233588708139065
  n_cells: 17
  n_partitions: 508
  partitioner: RFPartition
  random_state: 0
  verbose: false
test_score: 0.40954075951454444
train_time: 0.7945899963378906
val_score: 0.43207140335839667
