contains_categorical: postprocessed
dummy_loss: 13.21600624267629
dummy_metadata:
  auc: 0.5
  zo_loss: 0.3666666666666667
metadata:
  n_epochs: 157
  test:
    auc: 0.8181818181818182
    zo_loss: 0.16666666666666663
  val:
    auc: 0.8020050125313283
    zo_loss: 0.1694915254237288
model_name: JOPLEn
params:
  SquaredFNorm_lam: 127.60781372379218
  SquaredLaplacian_lam: 0.005984192483661055
  SquaredLaplacian_laplacian_type: LaplacianType.LEFT_NORMALIZED
  SquaredLaplacian_sigma: 0.0012970872416307152
  cell_model: CellModel.linear
  loss_fn: LogisticLoss
  max_iters: 100000
  mu: 5.165229840477361
  n_cells: 3
  n_partitions: 16
  partitioner: RFPartition
  random_state: 0
  verbose: false
test_score: 0.4517488036824637
train_time: 0.52217698097229
val_score: 0.4516723660351398
