contains_categorical: postprocessed
dummy_loss: 21.626192033470293
dummy_metadata:
  auc: 0.5
  zo_loss: 0.6
metadata:
  n_epochs: 28
  test:
    auc: 0.3333333333333333
    zo_loss: 0.6
  val:
    auc: 0.52
    zo_loss: 0.4
model_name: JOPLEn
params:
  Group21Norm_lam: 0.0028942012384220563
  cell_model: CellModel.linear
  loss_fn: LogisticLoss
  max_iters: 100000
  mu: 2.388422406724498
  n_cells: 22
  n_partitions: 33
  partitioner: RFPartition
  random_state: 0
  verbose: false
test_score: 0.6988958878255593
train_time: 0.09813976287841797
val_score: 0.6763946574019106
