contains_categorical: postprocessed
dummy_loss: 13.63813912020649
dummy_metadata:
  auc: 0.5
  zo_loss: 0.3783783783783784
metadata:
  n_epochs: 114
  test:
    auc: 0.593167701863354
    zo_loss: 0.32432432432432434
  val:
    auc: 0.7249802994483846
    zo_loss: 0.2702702702702703
model_name: JOPLEn
params:
  L1Norm_lam: 4.3935853072232576e-05
  cell_model: CellModel.constant
  loss_fn: LogisticLoss
  max_iters: 100000
  mu: 1.7468964579616897
  n_cells: 13
  n_partitions: 35
  partitioner: VPartition
  random_state: 0
  verbose: false
test_score: 0.7608183528480911
train_time: 0.31375813484191895
val_score: 0.5870973477686207
