contains_categorical: postprocessed
dummy_loss: 11.15636890615531
dummy_metadata:
  auc: 0.5
  zo_loss: 0.30952380952380953
metadata:
  test:
    auc: 0.6362334217506631
    zo_loss: 0.26190476190476186
  val:
    auc: 0.6402297974020692
    zo_loss: 0.3047619047619048
model_name: RandomForestClassifier
params:
  ccp_alpha: 1.0e-05
  criterion: log_loss
  max_depth: 5
  max_leaf_nodes: 11
  n_estimators: 100
  n_jobs: -1
  random_state: 0
test_score: 0.5774169403524606
train_time: 0.19176840782165527
val_score: 0.5951203049975028
