contains_categorical: false
dummy_loss: 17.506917360428332
dummy_metadata:
  auc: 0.5
  zo_loss: 0.48571428571428577
metadata:
  n_epochs: 120
  test:
    auc: 0.6241830065359477
    zo_loss: 0.4
  val:
    auc: 0.6075630252100841
    zo_loss: 0.4057971014492754
model_name: JOPLEn
params:
  GroupInf1Norm_lam: 0.010703133845745496
  cell_model: CellModel.linear
  loss_fn: LogisticLoss
  max_iters: 100000
  mu: 10.0
  n_cells: 2
  n_partitions: 10
  partitioner: VPartition
  random_state: 0
  verbose: false
test_score: 0.6606511458499763
train_time: 0.39287567138671875
val_score: 0.6734185689756699
