contains_categorical: postprocessed
dummy_loss: 16.19352543569032
dummy_metadata:
  auc: 0.5
  zo_loss: 0.4492753623188406
metadata:
  n_epochs: 243
  test:
    auc: 0.8556876061120543
    zo_loss: 0.18840579710144922
  val:
    auc: 0.927613370236321
    zo_loss: 0.1376811594202898
model_name: JOPLEn
params:
  Group21Norm_lam: 93.11079810736913
  SquaredFNorm_lam: 0.02404482502776667
  cell_model: CellModel.linear
  loss_fn: LogisticLoss
  max_iters: 100000
  n_cells: 16
  n_partitions: 417
  partitioner: LinearForestPartition
  random_state: 0
  verbose: false
test_score: 0.48450237534874285
train_time: 1.6022369861602783
val_score: 0.32152389621439675
