contains_categorical: false
dummy_loss: 14.229815437785946
dummy_metadata:
  auc: 0.5
  zo_loss: 0.3947939262472885
metadata:
  test:
    auc: 0.9049686872267517
    zo_loss: 0.368763557483731
  val:
    auc: 0.9451870334066022
    zo_loss: 0.3630434782608696
model_name: ExtraTreesClassifier
params:
  criterion: log_loss
  max_depth: 5
  max_features: 1
  max_leaf_nodes: 29
  n_estimators: 59
  random_state: 0
test_score: 0.6173626955866459
train_time: 0.04157423973083496
val_score: 0.6106294307764966
