contains_categorical: postprocessed
dummy_loss: 11.185961396622565
dummy_metadata:
  auc: 0.5
  zo_loss: 0.31034482758620685
metadata:
  n_epochs: 104
  test:
    auc: 0.6388888888888888
    zo_loss: 0.31034482758620685
  val:
    auc: 0.6291248206599713
    zo_loss: 0.2931034482758621
model_name: JOPLEn
params:
  GroupInf1Norm_lam: 0.6636518612337217
  cell_model: CellModel.linear
  loss_fn: LogisticLoss
  max_iters: 100000
  mu: 1.0
  n_cells: 7
  n_partitions: 20
  partitioner: VPartition
  random_state: 0
  verbose: false
test_score: 0.5595465630644899
train_time: 0.3120748996734619
val_score: 0.5823985619813468
