contains_categorical: false
dummy_loss: 18.021826694558577
dummy_metadata:
  auc: 0.5
  zo_loss: 0.5
metadata:
  test:
    auc: 0.9829437545653761
    zo_loss: 0.0662162162162162
  val:
    auc: 0.9858190396079436
    zo_loss: 0.06423258958755917
model_name: RandomForestClassifier
params:
  ccp_alpha: 1.8879801927101225e-05
  criterion: log_loss
  max_depth: 5
  max_leaf_nodes: 32
  n_estimators: 16
  n_jobs: -1
  random_state: 0
test_score: 0.32515646740828835
train_time: 0.06573796272277832
val_score: 0.32964030704106856
