contains_categorical: false
dummy_loss: 0.9889478874248213
dummy_metadata: {}
metadata:
  test: {}
  val: {}
model_name: XGBRegressor
params:
  early_stopping_rounds: 23
  learning_rate: 0.15431607273927128
  max_leaves: 2
  n_estimators: 312
  objective: reg:squarederror
  random_state: 0
  reg_alpha: 0.17085268117741742
  reg_lambda: 0.00011986189678718386
  verbosity: 0
test_score: 0.5752102359509285
train_time: 0.8238885402679443
val_score: 0.4530403883028077
