contains_categorical: postprocessed
dummy_loss: 2.669900251045715
dummy_metadata:
  auc: 0.5
  zo_loss: 0.07407407407407407
metadata:
  n_epochs: 100000
  test:
    auc: 0.98
    zo_loss: 0.03703703703703709
  val:
    auc: 1.0
    zo_loss: 0.0
model_name: JOPLEn
params:
  GroupInf1Norm_lam: 358.49336233157265
  cell_model: CellModel.linear
  loss_fn: LogisticLoss
  max_iters: 100000
  mu: 5.051689895999459
  n_cells: 6
  n_partitions: 10
  partitioner: RFPartition
  random_state: 0
  verbose: false
test_score: 0.6139857546768972
train_time: 251.86807417869568
val_score: 1.192092966562092e-07
