contains_categorical: postprocessed
dummy_loss: 12.191235705142565
dummy_metadata:
  auc: 0.5
  zo_loss: 0.3382352941176471
metadata:
  n_epochs: 108
  test:
    auc: 0.5874396135265699
    zo_loss: 0.32352941176470584
  val:
    auc: 0.6960493827160493
    zo_loss: 0.31851851851851853
model_name: JOPLEn
params:
  Group21Norm_lam: 0.44749508495301626
  SquaredFNorm_lam: 5.4020538775629285
  cell_model: CellModel.linear
  loss_fn: LogisticLoss
  max_iters: 100000
  n_cells: 2
  n_partitions: 1000
  partitioner: LinearForestPartition
  random_state: 0
  verbose: false
test_score: 0.6362455096464528
train_time: 1.3100192546844482
val_score: 0.5887676681842332
