contains_categorical: postprocessed
dummy_loss: 16.19352543569032
dummy_metadata:
  auc: 0.5
  zo_loss: 0.4492753623188406
metadata:
  n_epochs: 208
  test:
    auc: 0.8955857385398981
    zo_loss: 0.17391304347826086
  val:
    auc: 0.828826910794124
    zo_loss: 0.2536231884057971
model_name: JOPLEn
params:
  Group21Norm_lam: 51.53807814677895
  cell_model: CellModel.linear
  loss_fn: LogisticLoss
  max_iters: 100000
  mu: 10.0
  n_cells: 2
  n_partitions: 1000
  partitioner: VPartition
  random_state: 0
  verbose: false
test_score: 0.3818602727924453
train_time: 1.0794556140899658
val_score: 0.4950680816814446
