contains_categorical: false
dummy_loss: 18.021826694558573
dummy_metadata:
  auc: 0.5
  zo_loss: 0.5
metadata:
  n_epochs: 105
  test:
    auc: 0.43590432679387264
    zo_loss: 0.5737704918032787
  val:
    auc: 0.5901236254354212
    zo_loss: 0.45867768595041325
model_name: JOPLEn
params:
  SquaredFNorm_lam: 6.129922811360396e-05
  SquaredLaplacian_lam: 4.81452413714531e-05
  SquaredLaplacian_laplacian_type: LaplacianType.NORMALIZED
  SquaredLaplacian_sigma: 5.5353856754969994
  cell_model: CellModel.constant
  loss_fn: LogisticLoss
  max_iters: 100000
  mu: 5.751544155023176
  n_cells: 22
  n_partitions: 83
  partitioner: VPartition
  random_state: 0
  verbose: false
test_score: 0.7090523610413797
train_time: 0.6387133598327637
val_score: 0.678493768986048
