contains_categorical: false
dummy_loss: 14.229815437785946
dummy_metadata:
  auc: 0.5
  zo_loss: 0.3947939262472885
metadata:
  n_epochs: 139
  test:
    auc: 0.9597069597069597
    zo_loss: 0.09544468546637741
  val:
    auc: 0.97965306243688
    zo_loss: 0.05652173913043479
model_name: JOPLEn
params:
  SquaredFNorm_lam: 0.0008668338416813132
  SquaredLaplacian_lam: 1.6625038849080173e-05
  SquaredLaplacian_laplacian_type: LaplacianType.NORMALIZED
  SquaredLaplacian_sigma: 0.10213978217244672
  cell_model: CellModel.constant
  loss_fn: LogisticLoss
  max_iters: 100000
  mu: 3.3713681330069507
  n_cells: 22
  n_partitions: 366
  partitioner: VPartition
  random_state: 0
  verbose: false
test_score: 0.27710788495667765
train_time: 4.374619007110596
val_score: 0.1746618880423825
