contains_categorical: false
dummy_loss: 12.638683655924195
dummy_metadata:
  auc: 0.5
  zo_loss: 0.35064935064935066
metadata:
  n_epochs: 123
  test:
    auc: 0.8437037037037037
    zo_loss: 0.24675324675324672
  val:
    auc: 0.8353703703703703
    zo_loss: 0.2532467532467533
model_name: JOPLEn
params:
  SquaredFNorm_lam: 1.5028881905790453e-05
  cell_model: CellModel.constant
  loss_fn: LogisticLoss
  max_iters: 100000
  mu: 3.042871908397046
  n_cells: 3
  n_partitions: 723
  partitioner: GBPartition
  random_state: 0
  verbose: false
test_score: 0.4543347191779478
train_time: 0.9383563995361328
val_score: 0.4751124910669139
