contains_categorical: postprocessed
dummy_loss: 16.277778949923878
dummy_metadata:
  auc: 0.5
  zo_loss: 0.4516129032258065
metadata:
  n_epochs: 134
  test:
    auc: 0.8571428571428571
    zo_loss: 0.25806451612903225
  val:
    auc: 0.8051948051948052
    zo_loss: 0.2786885245901639
model_name: JOPLEn
params:
  SquaredFNorm_lam: 0.0013794974018840054
  SquaredLaplacian_lam: 0.0002677993362705133
  SquaredLaplacian_laplacian_type: LaplacianType.LEFT_NORMALIZED
  SquaredLaplacian_sigma: 0.19980787449132975
  cell_model: CellModel.constant
  loss_fn: LogisticLoss
  max_iters: 100000
  mu: 8.34489853984027
  n_cells: 2
  n_partitions: 268
  partitioner: LinearForestPartition
  random_state: 0
  verbose: false
test_score: 0.4607931944357157
train_time: 0.608020544052124
val_score: 0.5471429419840955
