contains_categorical: postprocessed
dummy_loss: 7.20873067782343
dummy_metadata:
  auc: 0.5
  zo_loss: 0.19999999999999996
metadata:
  test:
    auc: 0.9375
    zo_loss: 0.09999999999999998
  val:
    auc: 0.92
    zo_loss: 0.19999999999999996
model_name: RandomForestClassifier
params:
  ccp_alpha: 6.28409123116384e-05
  criterion: log_loss
  max_depth: 5
  max_leaf_nodes: 12
  n_estimators: 66
  n_jobs: -1
  random_state: 0
test_score: 0.2628822381987614
train_time: 0.08789968490600586
val_score: 0.30273566935810275
