contains_categorical: postprocessed
dummy_loss: 2.1633525431921794
dummy_metadata:
  auc: 0.5
  zo_loss: 0.0600203458799593
metadata:
  n_epochs: 119
  test:
    auc: 0.6357858243451464
    zo_loss: 0.0600203458799593
  val:
    auc: 0.6448616088377734
    zo_loss: 0.05960264900662249
model_name: JOPLEn
params:
  SquaredFNorm_lam: 0.04442808634334214
  SquaredLaplacian_lam: 2.3729654209225156e-05
  SquaredLaplacian_laplacian_type: LaplacianType.NORMALIZED
  SquaredLaplacian_sigma: 0.0001568238459570394
  cell_model: CellModel.constant
  loss_fn: LogisticLoss
  max_iters: 100000
  mu: 2.423017502600884
  n_cells: 8
  n_partitions: 577
  partitioner: LinearForestPartition
  random_state: 0
  verbose: false
test_score: 0.22237578522670332
train_time: 4.564601898193359
val_score: 0.2185582100303512
