contains_categorical: postprocessed
dummy_loss: 16.193525435690322
dummy_metadata:
  auc: 0.5
  zo_loss: 0.4492753623188406
metadata:
  n_epochs: 674
  test:
    auc: 0.8837011884550086
    zo_loss: 0.18840579710144922
  val:
    auc: 0.8154140941026187
    zo_loss: 0.24637681159420288
model_name: JOPLEn
params:
  SquaredFNorm_lam: 0.00167453575923067
  cell_model: CellModel.constant
  loss_fn: LogisticLoss
  max_iters: 100000
  mu: 1.0e-05
  n_cells: 32
  n_partitions: 234
  partitioner: GBPartition
  random_state: 0
  verbose: false
test_score: 0.4365282368426738
train_time: 2.0506303310394287
val_score: 0.504567158042278
