contains_categorical: postprocessed
dummy_loss: 10.813096016735146
dummy_metadata:
  auc: 0.5
  zo_loss: 0.30000000000000004
metadata:
  n_epochs: 132
  test:
    auc: 0.6252380952380953
    zo_loss: 0.32999999999999996
  val:
    auc: 0.7353571428571429
    zo_loss: 0.29500000000000004
model_name: JOPLEn
params:
  SquaredFNorm_lam: 0.0001740448433885136
  SquaredLaplacian_lam: 0.00015914280631308388
  SquaredLaplacian_laplacian_type: LaplacianType.LEFT_NORMALIZED
  SquaredLaplacian_sigma: 3.643691487342821
  cell_model: CellModel.constant
  loss_fn: LogisticLoss
  max_iters: 100000
  mu: 9.052802572251661
  n_cells: 4
  n_partitions: 270
  partitioner: LinearForestPartition
  random_state: 0
  verbose: false
test_score: 0.6076710974477134
train_time: 0.6963531970977783
val_score: 0.5461619861479128
