contains_categorical: false
dummy_loss: 13.279240722306321
dummy_metadata:
  auc: 0.5
  zo_loss: 0.368421052631579
metadata:
  n_epochs: 116
  test:
    auc: 0.9907407407407407
    zo_loss: 0.03508771929824561
  val:
    auc: 0.986570586308549
    zo_loss: 0.052631578947368474
model_name: JOPLEn
params:
  SquaredFNorm_lam: 0.06981766060953407
  SquaredLaplacian_lam: 1.0e-05
  SquaredLaplacian_laplacian_type: LaplacianType.NORMALIZED
  SquaredLaplacian_sigma: 0.00022931235365793986
  cell_model: CellModel.constant
  loss_fn: LogisticLoss
  max_iters: 100000
  mu: 1.0016336281456673
  n_cells: 16
  n_partitions: 436
  partitioner: LinearForestPartition
  random_state: 0
  verbose: false
test_score: 0.1302528404927747
train_time: 1.4750573635101318
val_score: 0.15435983737696166
