contains_categorical: false
dummy_loss: 17.163644471008165
dummy_metadata:
  auc: 0.5
  zo_loss: 0.47619047619047616
metadata:
  n_epochs: 565
  test:
    auc: 0.8090909090909091
    zo_loss: 0.2857142857142857
  val:
    auc: 0.9068181818181819
    zo_loss: 0.19047619047619047
model_name: JOPLEn
params:
  GroupInf1Norm_lam: 0.2093566582316875
  SquaredFNorm_lam: 1.9681477068608217
  cell_model: CellModel.linear
  loss_fn: LogisticLoss
  max_iters: 100000
  n_cells: 16
  n_partitions: 66
  partitioner: LinearForestPartition
  random_state: 0
  verbose: false
test_score: 0.547806585785467
train_time: 2.019676446914673
val_score: 0.4331631053326143
