contains_categorical: postprocessed
dummy_loss: 7.20873067782343
dummy_metadata:
  auc: 0.5
  zo_loss: 0.19999999999999996
metadata:
  n_epochs: 196
  test:
    auc: 1.0
    zo_loss: 0.09999999999999998
  val:
    auc: 0.9466666666666668
    zo_loss: 0.15000000000000002
model_name: JOPLEn
params:
  Group21Norm_lam: 72.2189117145057
  SquaredFNorm_lam: 0.7065884553950613
  cell_model: CellModel.linear
  loss_fn: LogisticLoss
  max_iters: 100000
  n_cells: 2
  n_partitions: 364
  partitioner: LinearForestPartition
  random_state: 0
  verbose: false
test_score: 0.1981454697149184
train_time: 0.9452066421508789
val_score: 0.2945798693685997
