contains_categorical: false
dummy_loss: 9.301587971385072
dummy_metadata:
  auc: 0.5
  zo_loss: 0.25806451612903225
metadata:
  n_epochs: 161
  test:
    auc: 0.6467391304347826
    zo_loss: 0.25806451612903225
  val:
    auc: 0.6990489130434783
    zo_loss: 0.25806451612903225
model_name: JOPLEn
params:
  SquaredFNorm_lam: 7.693000140190431
  SquaredLaplacian_lam: 4.601605030569951e-05
  SquaredLaplacian_laplacian_type: LaplacianType.LEFT_NORMALIZED
  SquaredLaplacian_sigma: 3.631336914634518e-05
  cell_model: CellModel.linear
  loss_fn: LogisticLoss
  max_iters: 100000
  mu: 1.0
  n_cells: 10
  n_partitions: 10
  partitioner: VPartition
  random_state: 0
  verbose: false
test_score: 0.5531292230316361
train_time: 0.5079138278961182
val_score: 0.5342063821273448
