contains_categorical: postprocessed
dummy_loss: 2.1633525431921794
dummy_metadata:
  auc: 0.5
  zo_loss: 0.0600203458799593
metadata:
  n_epochs: 152
  test:
    auc: 0.6326124440531219
    zo_loss: 0.0600203458799593
  val:
    auc: 0.6609347075219232
    zo_loss: 0.05960264900662249
model_name: JOPLEn
params:
  SquaredFNorm_lam: 1.0e-05
  SquaredLaplacian_lam: 3.887092263004116e-05
  SquaredLaplacian_laplacian_type: LaplacianType.NORMALIZED
  SquaredLaplacian_sigma: 10.737522328559223
  cell_model: CellModel.linear
  loss_fn: LogisticLoss
  max_iters: 100000
  mu: 5.129081122037171
  n_cells: 14
  n_partitions: 136
  partitioner: RFPartition
  random_state: 0
  verbose: false
test_score: 0.2221872887629736
train_time: 2.7296535968780518
val_score: 0.2169052792946685
