contains_categorical: false
dummy_loss: 17.163644471008165
dummy_metadata:
  auc: 0.5
  zo_loss: 0.47619047619047616
metadata:
  n_epochs: 119
  test:
    auc: 0.9090909090909091
    zo_loss: 0.1428571428571429
  val:
    auc: 0.9363636363636365
    zo_loss: 0.19047619047619047
model_name: JOPLEn
params:
  SquaredFNorm_lam: 0.0005298352714341502
  SquaredLaplacian_lam: 0.03530300109339281
  SquaredLaplacian_laplacian_type: LaplacianType.STANDARD
  SquaredLaplacian_sigma: 16.89747625160257
  cell_model: CellModel.linear
  loss_fn: LogisticLoss
  max_iters: 100000
  mu: 4.304279300687259
  n_cells: 2
  n_partitions: 86
  partitioner: GBPartition
  random_state: 0
  verbose: false
test_score: 0.4092021456859656
train_time: 0.47427868843078613
val_score: 0.3107532252803108
