contains_categorical: false
dummy_loss: 16.961719241937484
dummy_metadata:
  auc: 0.5
  zo_loss: 0.47058823529411764
metadata:
  n_epochs: 31
  test:
    auc: 1.0
    zo_loss: 0.05882352941176472
  val:
    auc: 0.8925925925925926
    zo_loss: 0.18181818181818177
model_name: JOPLEn
params:
  Group21Norm_lam: 0.0008378874252592147
  cell_model: CellModel.linear
  loss_fn: LogisticLoss
  max_iters: 100000
  mu: 3.1527675638500203
  n_cells: 32
  n_partitions: 1000
  partitioner: RFPartition
  random_state: 0
  verbose: false
test_score: 0.23094697226550465
train_time: 0.8419456481933594
val_score: 0.44994146091146403
