contains_categorical: postprocessed
dummy_loss: 13.730915576806535
dummy_metadata:
  auc: 0.5
  zo_loss: 0.38095238095238093
metadata:
  n_epochs: 19990
  test:
    auc: 0.9519230769230769
    zo_loss: 0.1428571428571429
  val:
    auc: 1.0
    zo_loss: 0.023809523809523836
model_name: JOPLEn
params:
  GroupInf1Norm_lam: 0.005026552424607927
  SquaredFNorm_lam: 0.00012851819158549797
  cell_model: CellModel.linear
  loss_fn: LogisticLoss
  max_iters: 100000
  n_cells: 8
  n_partitions: 346
  partitioner: LinearForestPartition
  random_state: 0
  verbose: false
test_score: 0.688456211600013
train_time: 64.67438054084778
val_score: 0.043255495698163275
