contains_categorical: postprocessed
dummy_loss: 7.20873067782343
dummy_metadata:
  auc: 0.5
  zo_loss: 0.19999999999999996
metadata:
  n_epochs: 242
  test:
    auc: 0.75
    zo_loss: 0.19999999999999996
  val:
    auc: 1.0
    zo_loss: 0.050000000000000044
model_name: JOPLEn
params:
  SquaredFNorm_lam: 0.013532290596604414
  cell_model: CellModel.linear
  loss_fn: LogisticLoss
  max_iters: 100000
  mu: 5.814591955744765
  n_cells: 2
  n_partitions: 1000
  partitioner: GBPartition
  random_state: 0
  verbose: false
test_score: 0.8667927090491752
train_time: 0.9607541561126709
val_score: 0.12430469521196363
