contains_categorical: false
dummy_loss: 6.553391525294028
dummy_metadata:
  auc: 0.5
  zo_loss: 0.18181818181818177
metadata:
  n_epochs: 662
  test:
    auc: 0.6666666666666667
    zo_loss: 0.2727272727272727
  val:
    auc: 1.0
    zo_loss: 0.0
model_name: JOPLEn
params:
  L1Norm_lam: 3.294681424083472e-05
  cell_model: CellModel.constant
  loss_fn: LogisticLoss
  max_iters: 100000
  mu: 1.9865586973083802
  n_cells: 3
  n_partitions: 1000
  partitioner: RFPartition
  random_state: 0
  verbose: false
test_score: 1.8558289651390583
train_time: 2.3051681518554688
val_score: 0.019167266028512157
