contains_categorical: postprocessed
dummy_loss: 13.63813912020649
dummy_metadata:
  auc: 0.5
  zo_loss: 0.3783783783783784
metadata:
  n_epochs: 216
  test:
    auc: 0.7173913043478262
    zo_loss: 0.2702702702702703
  val:
    auc: 0.7052797478329395
    zo_loss: 0.2432432432432432
model_name: JOPLEn
params:
  Group21Norm_lam: 24.198766080340736
  SquaredFNorm_lam: 1000.0
  cell_model: CellModel.linear
  loss_fn: LogisticLoss
  max_iters: 100000
  n_cells: 4
  n_partitions: 31
  partitioner: LinearForestPartition
  random_state: 0
  verbose: false
test_score: 0.5853294723260233
train_time: 0.7364704608917236
val_score: 0.5920586873383047
