contains_categorical: postprocessed
dummy_loss: 0.5721214823669392
dummy_metadata:
  auc: 0.5
  zo_loss: 0.015873015873015928
metadata:
  n_epochs: 374
  test:
    auc: 0.9695340501792113
    zo_loss: 0.01851851851851849
  val:
    auc: 0.8999326145552561
    zo_loss: 0.010610079575596787
model_name: JOPLEn
params:
  GroupInf1Norm_lam: 0.00036730696423946954
  SquaredFNorm_lam: 0.002116786516519792
  cell_model: CellModel.linear
  loss_fn: LogisticLoss
  max_iters: 100000
  n_cells: 8
  n_partitions: 395
  partitioner: LinearForestPartition
  random_state: 0
  verbose: false
test_score: 0.05109045986578781
train_time: 2.675586462020874
val_score: 0.04630769242929447
