contains_categorical: postprocessed
dummy_loss: 21.626192033470293
dummy_metadata:
  auc: 0.5
  zo_loss: 0.6
metadata:
  n_epochs: 111
  test:
    auc: 0.3333333333333333
    zo_loss: 0.4
  val:
    auc: 0.64
    zo_loss: 0.4
model_name: JOPLEn
params:
  SquaredFNorm_lam: 65.54463416912988
  SquaredLaplacian_lam: 0.21138678546112205
  SquaredLaplacian_laplacian_type: LaplacianType.NORMALIZED
  SquaredLaplacian_sigma: 0.008532356031146405
  cell_model: CellModel.linear
  loss_fn: LogisticLoss
  max_iters: 100000
  mu: 2.5381839093254484
  n_cells: 16
  n_partitions: 49
  partitioner: LinearForestPartition
  random_state: 0
  verbose: false
test_score: 0.6949593156006066
train_time: 0.3722841739654541
val_score: 0.6924009333850055
