contains_categorical: postprocessed
dummy_loss: 15.859207491211547
dummy_metadata:
  auc: 0.5
  zo_loss: 0.43999999999999995
metadata:
  n_epochs: 118
  test:
    auc: 0.6493506493506493
    zo_loss: 0.33999999999999997
  val:
    auc: 0.739650974025974
    zo_loss: 0.37
model_name: JOPLEn
params:
  SquaredFNorm_lam: 0.003014193249267728
  cell_model: CellModel.constant
  loss_fn: LogisticLoss
  max_iters: 100000
  mu: 10.0
  n_cells: 7
  n_partitions: 61
  partitioner: GBPartition
  random_state: 0
  verbose: false
test_score: 0.658812072192156
train_time: 0.35763096809387207
val_score: 0.5999181368990176
