contains_categorical: postprocessed
dummy_loss: 10.813096016735146
dummy_metadata:
  auc: 0.5
  zo_loss: 0.30000000000000004
metadata:
  n_epochs: 2944
  test:
    auc: 0.7619047619047619
    zo_loss: 0.4
  val:
    auc: 0.9466666666666667
    zo_loss: 0.09999999999999998
model_name: JOPLEn
params:
  L1Norm_lam: 1.0e-05
  cell_model: CellModel.constant
  loss_fn: LogisticLoss
  max_iters: 100000
  mu: 1.0e-05
  n_cells: 2
  n_partitions: 522
  partitioner: VPartition
  random_state: 0
  verbose: false
test_score: 0.44675253622255306
train_time: 7.284489393234253
val_score: 0.23942866710637248
