contains_categorical: postprocessed
dummy_loss: 2.669900251045715
dummy_metadata:
  auc: 0.5
  zo_loss: 0.07407407407407407
metadata:
  n_epochs: 100000
  test:
    auc: 0.91
    zo_loss: 0.11111111111111116
  val:
    auc: 1.0
    zo_loss: 0.0
model_name: JOPLEn
params:
  Group21Norm_lam: 4.011147231982564
  cell_model: CellModel.linear
  loss_fn: LogisticLoss
  max_iters: 100000
  mu: 1.0
  n_cells: 32
  n_partitions: 10
  partitioner: VPartition
  random_state: 0
  verbose: false
test_score: 1.7728945909304341
train_time: 263.1791663169861
val_score: 0.0007736217651904796
