contains_categorical: postprocessed
dummy_loss: 16.019401506274292
dummy_metadata:
  auc: 0.5
  zo_loss: 0.4444444444444444
metadata:
  n_epochs: 114
  test:
    auc: 0.8500000000000001
    zo_loss: 0.11111111111111116
  val:
    auc: 0.5972222222222222
    zo_loss: 0.4117647058823529
model_name: JOPLEn
params:
  SquaredFNorm_lam: 84.76544355747596
  cell_model: CellModel.linear
  loss_fn: LogisticLoss
  max_iters: 100000
  mu: 4.391448866867003
  n_cells: 2
  n_partitions: 41
  partitioner: RFPartition
  random_state: 0
  verbose: false
test_score: 0.5803346347512716
train_time: 0.3182811737060547
val_score: 0.6706466413196052
