contains_categorical: postprocessed
dummy_loss: 6.007275564852859
dummy_metadata:
  auc: 0.5
  zo_loss: 0.16666666666666663
metadata:
  n_epochs: 125
  test:
    auc: 0.5555555555555555
    zo_loss: 0.16666666666666663
  val:
    auc: 0.4387096774193549
    zo_loss: 0.13888888888888884
model_name: JOPLEn
params:
  SquaredFNorm_lam: 100.18095013910646
  SquaredLaplacian_lam: 0.00027451758238372263
  SquaredLaplacian_laplacian_type: LaplacianType.STANDARD
  SquaredLaplacian_sigma: 1.001154195049255
  cell_model: CellModel.linear
  loss_fn: LogisticLoss
  max_iters: 100000
  mu: 5.5874678049927216
  n_cells: 2
  n_partitions: 36
  partitioner: GBPartition
  random_state: 0
  verbose: false
test_score: 0.4469187470274753
train_time: 0.4256014823913574
val_score: 0.4196640045358742
