contains_categorical: postprocessed
dummy_loss: 16.193525435690322
dummy_metadata:
  auc: 0.5
  zo_loss: 0.4492753623188406
metadata:
  n_epochs: 120
  test:
    auc: 0.9448217317487267
    zo_loss: 0.21739130434782605
  val:
    auc: 0.7511177347242921
    zo_loss: 0.30434782608695654
model_name: JOPLEn
params:
  SquaredFNorm_lam: 0.012092995706043072
  SquaredLaplacian_lam: 1.9818979524499037e-05
  SquaredLaplacian_laplacian_type: LaplacianType.LEFT_NORMALIZED
  SquaredLaplacian_sigma: 200.24584036682958
  cell_model: CellModel.constant
  loss_fn: LogisticLoss
  max_iters: 100000
  mu: 8.698301841464964
  n_cells: 4
  n_partitions: 272
  partitioner: VPartition
  random_state: 0
  verbose: false
test_score: 0.4366608126326624
train_time: 0.5367832183837891
val_score: 0.6011974895492516
