contains_categorical: postprocessed
dummy_loss: 15.44728002390735
dummy_metadata:
  auc: 0.5
  zo_loss: 0.4285714285714286
metadata:
  n_epochs: 118
  test:
    auc: 0.9583333333333334
    zo_loss: 0.0714285714285714
  val:
    auc: 0.7857142857142858
    zo_loss: 0.2222222222222222
model_name: JOPLEn
params:
  Group21Norm_lam: 254.4448409872243
  SquaredFNorm_lam: 2.1376046651370663e-05
  cell_model: CellModel.linear
  loss_fn: LogisticLoss
  max_iters: 100000
  n_cells: 8
  n_partitions: 649
  partitioner: LinearForestPartition
  random_state: 0
  verbose: false
test_score: 0.3492795665392549
train_time: 0.9010283946990967
val_score: 0.5303196707389137
