contains_categorical: postprocessed
dummy_loss: 12.270179877146266
dummy_metadata:
  auc: 0.5
  zo_loss: 0.34042553191489366
metadata:
  n_epochs: 115
  test:
    auc: 0.6995967741935485
    zo_loss: 0.36170212765957444
  val:
    auc: 0.7879098360655739
    zo_loss: 0.27956989247311825
model_name: JOPLEn
params:
  SquaredFNorm_lam: 0.0023374228244702785
  SquaredLaplacian_lam: 0.0009836257429498567
  SquaredLaplacian_laplacian_type: LaplacianType.LEFT_NORMALIZED
  SquaredLaplacian_sigma: 0.6745894361378502
  cell_model: CellModel.linear
  loss_fn: LogisticLoss
  max_iters: 100000
  mu: 6.721967878656769
  n_cells: 3
  n_partitions: 276
  partitioner: GBPartition
  random_state: 0
  verbose: false
test_score: 0.6226710961437257
train_time: 0.6127619743347168
val_score: 0.544826802635794
