contains_categorical: postprocessed
dummy_loss: 2.1633525431921794
dummy_metadata:
  auc: 0.5
  zo_loss: 0.0600203458799593
metadata:
  n_epochs: 202
  test:
    auc: 0.6282834397241176
    zo_loss: 0.0600203458799593
  val:
    auc: 0.6487392467890843
    zo_loss: 0.05960264900662249
model_name: JOPLEn
params:
  L1Norm_lam: 1.0e-05
  cell_model: CellModel.constant
  loss_fn: LogisticLoss
  max_iters: 100000
  mu: 9.11815749869696
  n_cells: 32
  n_partitions: 1000
  partitioner: LinearForestPartition
  random_state: 0
  verbose: false
test_score: 0.22357403276182625
train_time: 17.507328748703003
val_score: 0.21721658612637532
