contains_categorical: postprocessed
dummy_loss: 13.63813912020649
dummy_metadata:
  auc: 0.5
  zo_loss: 0.3783783783783784
metadata:
  n_epochs: 103
  test:
    auc: 0.7142857142857142
    zo_loss: 0.29729729729729726
  val:
    auc: 0.6800630417651694
    zo_loss: 0.3513513513513513
model_name: JOPLEn
params:
  SquaredFNorm_lam: 0.000851305111613341
  cell_model: CellModel.linear
  loss_fn: LogisticLoss
  max_iters: 100000
  mu: 1.0
  n_cells: 21
  n_partitions: 10
  partitioner: VPartition
  random_state: 0
  verbose: false
test_score: 0.6324923148632172
train_time: 0.27498769760131836
val_score: 0.6041425381925576
