contains_categorical: postprocessed
dummy_loss: 13.14091529811563
dummy_metadata:
  auc: 0.5
  zo_loss: 0.36458333333333337
metadata:
  n_epochs: 123
  test:
    auc: 0.9836065573770492
    zo_loss: 0.07291666666666663
  val:
    auc: 0.9827972192765406
    zo_loss: 0.05729166666666663
model_name: JOPLEn
params:
  SquaredFNorm_lam: 0.057446015052961666
  SquaredLaplacian_lam: 2.8693683195502363e-05
  SquaredLaplacian_laplacian_type: LaplacianType.NORMALIZED
  SquaredLaplacian_sigma: 1.6670712994833723
  cell_model: CellModel.constant
  loss_fn: LogisticLoss
  max_iters: 100000
  mu: 7.007735135066169
  n_cells: 21
  n_partitions: 356
  partitioner: GBPartition
  random_state: 0
  verbose: false
test_score: 0.1647849996454508
train_time: 1.9341039657592773
val_score: 0.16422022049201937
