contains_categorical: postprocessed
dummy_loss: 16.19352543569032
dummy_metadata:
  auc: 0.5
  zo_loss: 0.4492753623188406
metadata:
  n_epochs: 144
  test:
    auc: 0.8760611205432938
    zo_loss: 0.23188405797101452
  val:
    auc: 0.8820523738556525
    zo_loss: 0.15217391304347827
model_name: JOPLEn
params:
  SquaredFNorm_lam: 17.014229153529655
  SquaredLaplacian_lam: 4.115666147715234e-05
  SquaredLaplacian_laplacian_type: LaplacianType.LEFT_NORMALIZED
  SquaredLaplacian_sigma: 0.13262542428052237
  cell_model: CellModel.linear
  loss_fn: LogisticLoss
  max_iters: 100000
  mu: 7.006502263077361
  n_cells: 10
  n_partitions: 74
  partitioner: RFPartition
  random_state: 0
  verbose: false
test_score: 0.44472600143447083
train_time: 0.5493943691253662
val_score: 0.418541523419502
