contains_categorical: postprocessed
dummy_loss: 18.021826694558577
dummy_metadata:
  auc: 0.5
  zo_loss: 0.5
metadata:
  test:
    auc: 0.965
    zo_loss: 0.050000000000000044
  val:
    auc: 0.98625
    zo_loss: 0.050000000000000044
model_name: GradientBoostingClassifier
params:
  ccp_alpha: 1.0e-05
  criterion: friedman_mse
  learning_rate: 0.6735553005396635
  loss: log_loss
  max_depth: 2
  max_leaf_nodes: 32
  n_estimators: 110
  random_state: 0
test_score: 0.2993444299426759
train_time: 0.0432744026184082
val_score: 0.19107275821567835
