contains_categorical: postprocessed
dummy_loss: 16.19352543569032
dummy_metadata:
  auc: 0.5
  zo_loss: 0.4492753623188406
metadata:
  n_epochs: 1487
  test:
    auc: 0.8565365025466893
    zo_loss: 0.18840579710144922
  val:
    auc: 0.9280391739408134
    zo_loss: 0.1376811594202898
model_name: JOPLEn
params:
  SquaredFNorm_lam: 0.0140827714432188
  cell_model: CellModel.constant
  loss_fn: LogisticLoss
  max_iters: 100000
  mu: 1.0e-05
  n_cells: 16
  n_partitions: 418
  partitioner: LinearForestPartition
  random_state: 0
  verbose: false
test_score: 0.48127894096007007
train_time: 4.288884162902832
val_score: 0.3216469417435839
