contains_categorical: postprocessed
dummy_loss: 12.014551129705717
dummy_metadata:
  auc: 0.5
  zo_loss: 0.33333333333333337
metadata:
  n_epochs: 700
  test:
    auc: 1.0
    zo_loss: 0.0
  val:
    auc: 1.0
    zo_loss: 0.0
model_name: JOPLEn
params:
  SquaredFNorm_lam: 0.00011166219575421045
  cell_model: CellModel.constant
  loss_fn: LogisticLoss
  max_iters: 100000
  mu: 6.212090457026926
  n_cells: 2
  n_partitions: 172
  partitioner: RFPartition
  random_state: 0
  verbose: false
test_score: 0.00499059940519064
train_time: 1.8774223327636719
val_score: 0.061715119312962884
