contains_categorical: postprocessed
dummy_loss: 12.014551129705717
dummy_metadata:
  auc: 0.5
  zo_loss: 0.33333333333333337
metadata:
  n_epochs: 103
  test:
    auc: 1.0
    zo_loss: 0.16666666666666663
  val:
    auc: 1.0
    zo_loss: 0.0
model_name: JOPLEn
params:
  L1Norm_lam: 1.0e-05
  cell_model: CellModel.constant
  loss_fn: LogisticLoss
  max_iters: 100000
  mu: 8.097521239412693
  n_cells: 17
  n_partitions: 637
  partitioner: VPartition
  random_state: 0
  verbose: false
test_score: 0.5172009298430883
train_time: 0.5239360332489014
val_score: 0.0013720200597640145
