contains_categorical: false
dummy_loss: 4.127513773424625
dummy_metadata: {}
metadata:
  test: {}
  val: {}
model_name: XGBRegressor
params:
  early_stopping_rounds: 52
  learning_rate: 0.6723971473665183
  max_leaves: 2
  n_estimators: 46
  objective: reg:squarederror
  random_state: 0
  reg_alpha: 0.0014150508652845156
  reg_lambda: 1.1808092990016869e-05
  verbosity: 0
test_score: 2.4710395268128313
train_time: 0.37522315979003906
val_score: 1.7441196163936628
