contains_categorical: postprocessed
dummy_loss: 16.019401506274292
dummy_metadata:
  auc: 0.5
  zo_loss: 0.4444444444444444
metadata:
  n_epochs: 859
  test:
    auc: 0.85
    zo_loss: 0.11111111111111116
  val:
    auc: 0.6597222222222223
    zo_loss: 0.3529411764705882
model_name: JOPLEn
params:
  GroupInf1Norm_lam: 1000.0
  cell_model: CellModel.linear
  loss_fn: LogisticLoss
  max_iters: 100000
  mu: 1.0e-05
  n_cells: 32
  n_partitions: 14
  partitioner: RFPartition
  random_state: 0
  verbose: false
test_score: 0.6379639025479038
train_time: 2.18398118019104
val_score: 0.6704756405976889
