contains_categorical: false
dummy_loss: 6.553391525294028
dummy_metadata:
  auc: 0.5
  zo_loss: 0.18181818181818177
metadata:
  n_epochs: 3327
  test:
    auc: 0.5
    zo_loss: 0.2727272727272727
  val:
    auc: 1.0
    zo_loss: 0.0
model_name: JOPLEn
params:
  SquaredFNorm_lam: 35.99670592113787
  SquaredLaplacian_lam: 2.2868476331606688e-05
  SquaredLaplacian_laplacian_type: LaplacianType.LEFT_NORMALIZED
  SquaredLaplacian_sigma: 0.08809481625629217
  cell_model: CellModel.linear
  loss_fn: LogisticLoss
  max_iters: 100000
  mu: 5.354683334929247
  n_cells: 4
  n_partitions: 152
  partitioner: LinearForestPartition
  random_state: 0
  verbose: false
test_score: 3.5799793202265366
train_time: 10.582882404327393
val_score: 0.005324953582636923
