contains_categorical: postprocessed
dummy_loss: 16.193525435690322
dummy_metadata:
  auc: 0.5
  zo_loss: 0.4492753623188406
metadata:
  test:
    auc: 0.8735144312393888
    zo_loss: 0.26086956521739135
  val:
    auc: 0.760166063444752
    zo_loss: 0.28985507246376807
model_name: ExtraTreesClassifier
params:
  criterion: log_loss
  max_depth: 5
  max_features: 1
  max_leaf_nodes: 27
  n_estimators: 10
  random_state: 0
test_score: 0.5717626953977922
train_time: 0.009505748748779297
val_score: 0.611123334604654
