contains_categorical: postprocessed
dummy_loss: 7.20873067782343
dummy_metadata:
  auc: 0.5
  zo_loss: 0.19999999999999996
metadata:
  n_epochs: 112
  test:
    auc: 0.9375
    zo_loss: 0.09999999999999998
  val:
    auc: 0.92
    zo_loss: 0.19999999999999996
model_name: JOPLEn
params:
  GroupInf1Norm_lam: 19.20959855337503
  cell_model: CellModel.linear
  loss_fn: LogisticLoss
  max_iters: 100000
  mu: 2.9165115021243775
  n_cells: 22
  n_partitions: 28
  partitioner: RFPartition
  random_state: 0
  verbose: false
test_score: 0.22009066146653314
train_time: 0.3357882499694824
val_score: 0.27472165221555434
