contains_categorical: postprocessed
dummy_loss: 13.730915576806535
dummy_metadata:
  auc: 0.5
  zo_loss: 0.38095238095238093
metadata:
  test:
    auc: 0.9423076923076923
    zo_loss: 0.23809523809523814
  val:
    auc: 0.9925925925925926
    zo_loss: 0.04761904761904767
model_name: RandomForestClassifier
params:
  ccp_alpha: 3.489285477674835e-05
  criterion: log_loss
  max_depth: 5
  max_leaf_nodes: 16
  n_estimators: 450
  n_jobs: -1
  random_state: 0
test_score: 0.3321767184412634
train_time: 0.37598133087158203
val_score: 0.2047356024567454
