contains_categorical: postprocessed
dummy_loss: 16.19352543569032
dummy_metadata:
  auc: 0.5
  zo_loss: 0.4492753623188406
metadata:
  n_epochs: 1699
  test:
    auc: 0.870118845500849
    zo_loss: 0.26086956521739135
  val:
    auc: 0.8746008090270385
    zo_loss: 0.1594202898550725
model_name: JOPLEn
params:
  L1Norm_lam: 7.7004856724368e-05
  cell_model: CellModel.constant
  loss_fn: LogisticLoss
  max_iters: 100000
  mu: 1.0e-05
  n_cells: 13
  n_partitions: 242
  partitioner: RFPartition
  random_state: 0
  verbose: false
test_score: 0.4601783888146575
train_time: 4.494111776351929
val_score: 0.4309668331524656
