contains_categorical: postprocessed
dummy_loss: 0.5721214823669392
dummy_metadata:
  auc: 0.5
  zo_loss: 0.015873015873015928
metadata:
  n_epochs: 268
  test:
    auc: 0.9372759856630825
    zo_loss: 0.015873015873015928
  val:
    auc: 0.8613544474393532
    zo_loss: 0.01591511936339518
model_name: JOPLEn
params:
  SquaredFNorm_lam: 91.55394549149729
  SquaredLaplacian_lam: 0.00044483455939177646
  SquaredLaplacian_laplacian_type: LaplacianType.LEFT_NORMALIZED
  SquaredLaplacian_sigma: 0.0030929778586671793
  cell_model: CellModel.linear
  loss_fn: LogisticLoss
  max_iters: 100000
  mu: 4.670907317200552
  n_cells: 8
  n_partitions: 17
  partitioner: GBPartition
  random_state: 0
  verbose: false
test_score: 0.052794009875993725
train_time: 1.1037027835845947
val_score: 0.057136972075877715
