contains_categorical: postprocessed
dummy_loss: 13.216006242676288
dummy_metadata:
  auc: 0.5
  zo_loss: 0.3666666666666667
metadata:
  n_epochs: 112
  test:
    auc: 0.8708133971291866
    zo_loss: 0.16666666666666663
  val:
    auc: 0.8897243107769424
    zo_loss: 0.18644067796610164
model_name: JOPLEn
params:
  SquaredFNorm_lam: 1.0e-05
  cell_model: CellModel.constant
  loss_fn: LogisticLoss
  max_iters: 100000
  mu: 7.206972439247866
  n_cells: 7
  n_partitions: 354
  partitioner: VPartition
  random_state: 0
  verbose: false
test_score: 0.4230630794772842
train_time: 0.46926259994506836
val_score: 0.44812595729830024
