contains_categorical: postprocessed
dummy_loss: 7.20873067782343
dummy_metadata:
  auc: 0.5
  zo_loss: 0.19999999999999996
metadata:
  n_epochs: 536
  test:
    auc: 1.0
    zo_loss: 0.0
  val:
    auc: 1.0
    zo_loss: 0.0
model_name: JOPLEn
params:
  L1Norm_lam: 0.0002573511101018502
  cell_model: CellModel.constant
  loss_fn: LogisticLoss
  max_iters: 100000
  mu: 3.4148799751602636
  n_cells: 16
  n_partitions: 43
  partitioner: LinearForestPartition
  random_state: 0
  verbose: false
test_score: 0.003826217004794218
train_time: 1.3761041164398193
val_score: 0.019786051856115306
