contains_categorical: false
dummy_loss: 14.229815437785946
dummy_metadata:
  auc: 0.5
  zo_loss: 0.3947939262472885
metadata:
  test:
    auc: 0.9511501043759109
    zo_loss: 0.10845986984815614
  val:
    auc: 0.9787545297926692
    zo_loss: 0.06304347826086953
model_name: RandomForestClassifier
params:
  ccp_alpha: 5.3395939957050074e-05
  criterion: log_loss
  max_depth: 5
  max_leaf_nodes: 30
  n_estimators: 132
  n_jobs: -1
  random_state: 0
test_score: 0.3048718077989681
train_time: 0.15654301643371582
val_score: 0.24236367629666833
