contains_categorical: postprocessed
dummy_loss: 10.813096016735146
dummy_metadata:
  auc: 0.5
  zo_loss: 0.30000000000000004
metadata:
  n_epochs: 885
  test:
    auc: 0.5685714285714286
    zo_loss: 0.29000000000000004
  val:
    auc: 0.6851190476190476
    zo_loss: 0.29500000000000004
model_name: JOPLEn
params:
  SquaredFNorm_lam: 0.008445202151891469
  cell_model: CellModel.linear
  loss_fn: LogisticLoss
  max_iters: 100000
  mu: 1.0e-05
  n_cells: 32
  n_partitions: 39
  partitioner: LinearForestPartition
  random_state: 0
  verbose: false
test_score: 0.6365958327838548
train_time: 2.3130807876586914
val_score: 0.5598675054665729
