contains_categorical: postprocessed
dummy_loss: 7.20873067782343
dummy_metadata:
  auc: 0.5
  zo_loss: 0.19999999999999996
metadata:
  n_epochs: 109
  test:
    auc: 1.0
    zo_loss: 0.0
  val:
    auc: 0.9666666666666667
    zo_loss: 0.052631578947368474
model_name: JOPLEn
params:
  SquaredFNorm_lam: 8.534921778572642e-05
  SquaredLaplacian_lam: 1.0e-05
  SquaredLaplacian_laplacian_type: LaplacianType.LEFT_NORMALIZED
  SquaredLaplacian_sigma: 267.5665234210692
  cell_model: CellModel.linear
  loss_fn: LogisticLoss
  max_iters: 100000
  mu: 8.230772182447915
  n_cells: 2
  n_partitions: 475
  partitioner: RFPartition
  random_state: 0
  verbose: false
test_score: 0.015438832231551769
train_time: 0.6318566799163818
val_score: 0.24413428674494805
