contains_categorical: postprocessed
dummy_loss: 13.730915576806535
dummy_metadata:
  auc: 0.5
  zo_loss: 0.38095238095238093
metadata:
  n_epochs: 148
  test:
    auc: 0.9519230769230769
    zo_loss: 0.09523809523809523
  val:
    auc: 1.0
    zo_loss: 0.023809523809523836
model_name: JOPLEn
params:
  SquaredFNorm_lam: 1.4485749950239015
  SquaredLaplacian_lam: 1.5317371963445877e-05
  SquaredLaplacian_laplacian_type: LaplacianType.NORMALIZED
  SquaredLaplacian_sigma: 0.00023898568993280562
  cell_model: CellModel.linear
  loss_fn: LogisticLoss
  max_iters: 100000
  mu: 1.5096715535677816
  n_cells: 30
  n_partitions: 244
  partitioner: GBPartition
  random_state: 0
  verbose: false
test_score: 0.3725329162021356
train_time: 0.5982582569122314
val_score: 0.035792836492323475
