contains_categorical: postprocessed
dummy_loss: 21.626192033470293
dummy_metadata:
  auc: 0.5
  zo_loss: 0.6
metadata:
  n_epochs: 149
  test:
    auc: 0.3333333333333333
    zo_loss: 0.4
  val:
    auc: 0.52
    zo_loss: 0.5
model_name: JOPLEn
params:
  SquaredFNorm_lam: 19.0642386392918
  cell_model: CellModel.linear
  loss_fn: LogisticLoss
  max_iters: 100000
  mu: 1.0e-05
  n_cells: 32
  n_partitions: 452
  partitioner: GBPartition
  random_state: 0
  verbose: false
test_score: 0.6973353484029854
train_time: 0.7690131664276123
val_score: 0.6884884346211608
