contains_categorical: false
dummy_loss: 17.163644471008165
dummy_metadata:
  auc: 0.5
  zo_loss: 0.47619047619047616
metadata:
  n_epochs: 113
  test:
    auc: 0.9545454545454546
    zo_loss: 0.1428571428571429
  val:
    auc: 0.9477272727272726
    zo_loss: 0.1428571428571429
model_name: JOPLEn
params:
  Group21Norm_lam: 1000.0
  cell_model: CellModel.linear
  loss_fn: LogisticLoss
  max_iters: 100000
  mu: 1.0
  n_cells: 32
  n_partitions: 110
  partitioner: VPartition
  random_state: 0
  verbose: false
test_score: 0.29056499419107396
train_time: 0.37303972244262695
val_score: 0.27922804141757823
