contains_categorical: postprocessed
dummy_loss: 11.15636890615531
dummy_metadata:
  auc: 0.5
  zo_loss: 0.30952380952380953
metadata:
  n_epochs: 105
  test:
    auc: 0.6216976127320955
    zo_loss: 0.2571428571428571
  val:
    auc: 0.6554691273291136
    zo_loss: 0.28095238095238095
model_name: JOPLEn
params:
  SquaredFNorm_lam: 0.0013868736088189337
  cell_model: CellModel.constant
  loss_fn: LogisticLoss
  max_iters: 100000
  mu: 1.2241695690286063
  n_cells: 17
  n_partitions: 64
  partitioner: VPartition
  random_state: 0
  verbose: false
test_score: 0.5878815146820645
train_time: 0.4870450496673584
val_score: 0.591975131946976
