contains_categorical: postprocessed
dummy_loss: 16.019401506274292
dummy_metadata:
  auc: 0.5
  zo_loss: 0.4444444444444444
metadata:
  n_epochs: 106
  test:
    auc: 0.35
    zo_loss: 0.4444444444444444
  val:
    auc: 0.7083333333333334
    zo_loss: 0.47058823529411764
model_name: JOPLEn
params:
  SquaredFNorm_lam: 7.670907064035751
  SquaredLaplacian_lam: 2.065771359013761
  SquaredLaplacian_laplacian_type: LaplacianType.NORMALIZED
  SquaredLaplacian_sigma: 0.009994740342444691
  cell_model: CellModel.linear
  loss_fn: LogisticLoss
  max_iters: 100000
  mu: 0.8854515124410596
  n_cells: 28
  n_partitions: 10
  partitioner: GBPartition
  random_state: 0
  verbose: false
test_score: 0.6988521171258957
train_time: 0.33429741859436035
val_score: 0.6757595284921623
