contains_categorical: postprocessed
dummy_loss: 12.191235705142565
dummy_metadata:
  auc: 0.5
  zo_loss: 0.3382352941176471
metadata:
  n_epochs: 139
  test:
    auc: 0.6202898550724638
    zo_loss: 0.3088235294117647
  val:
    auc: 0.7212345679012346
    zo_loss: 0.3037037037037037
model_name: JOPLEn
params:
  GroupInf1Norm_lam: 15.874629591360558
  cell_model: CellModel.linear
  loss_fn: LogisticLoss
  max_iters: 100000
  mu: 2.8093537121064025
  n_cells: 2
  n_partitions: 1000
  partitioner: VPartition
  random_state: 0
  verbose: false
test_score: 0.6322753870854364
train_time: 0.8207428455352783
val_score: 0.5740747727005332
