contains_categorical: false
dummy_loss: 13.279240722306321
dummy_metadata:
  auc: 0.5
  zo_loss: 0.368421052631579
metadata:
  n_epochs: 137
  test:
    auc: 0.9907407407407407
    zo_loss: 0.052631578947368474
  val:
    auc: 0.9865705863085489
    zo_loss: 0.03508771929824561
model_name: JOPLEn
params:
  SquaredFNorm_lam: 0.001606932672812016
  SquaredLaplacian_lam: 1.0e-05
  SquaredLaplacian_laplacian_type: LaplacianType.NORMALIZED
  SquaredLaplacian_sigma: 0.011565322579478718
  cell_model: CellModel.constant
  loss_fn: LogisticLoss
  max_iters: 100000
  mu: 4.480056312203247
  n_cells: 32
  n_partitions: 171
  partitioner: VPartition
  random_state: 0
  verbose: false
test_score: 0.1382875698461657
train_time: 0.5550439357757568
val_score: 0.12394145937012672
