contains_categorical: false
dummy_loss: 17.163644471008165
dummy_metadata:
  auc: 0.5
  zo_loss: 0.47619047619047616
metadata:
  n_epochs: 120
  test:
    auc: 0.7545454545454546
    zo_loss: 0.23809523809523814
  val:
    auc: 0.9068181818181817
    zo_loss: 0.1428571428571429
model_name: JOPLEn
params:
  SquaredFNorm_lam: 0.006982357487824401
  cell_model: CellModel.constant
  loss_fn: LogisticLoss
  max_iters: 100000
  mu: 3.4705516870291713
  n_cells: 16
  n_partitions: 43
  partitioner: LinearForestPartition
  random_state: 0
  verbose: false
test_score: 0.5848103359292575
train_time: 0.4290597438812256
val_score: 0.413560812189943
