contains_categorical: postprocessed
dummy_loss: 13.216006242676288
dummy_metadata:
  auc: 0.5
  zo_loss: 0.3666666666666667
metadata:
  n_epochs: 1578
  test:
    auc: 0.8564593301435406
    zo_loss: 0.1333333333333333
  val:
    auc: 0.8558897243107769
    zo_loss: 0.13559322033898302
model_name: JOPLEn
params:
  L1Norm_lam: 0.013139640131506326
  cell_model: CellModel.constant
  loss_fn: LogisticLoss
  max_iters: 100000
  mu: 1.0e-05
  n_cells: 2
  n_partitions: 789
  partitioner: LinearForestPartition
  random_state: 0
  verbose: false
test_score: 0.4221672600743016
train_time: 4.361890077590942
val_score: 0.44568443197443436
