contains_categorical: false
dummy_loss: 12.638683655924195
dummy_metadata:
  auc: 0.5
  zo_loss: 0.35064935064935066
metadata:
  n_epochs: 123
  test:
    auc: 0.8459259259259259
    zo_loss: 0.24675324675324672
  val:
    auc: 0.8166666666666667
    zo_loss: 0.24675324675324672
model_name: JOPLEn
params:
  SquaredFNorm_lam: 6.747424182442975
  cell_model: CellModel.linear
  loss_fn: LogisticLoss
  max_iters: 100000
  mu: 6.207839878057411
  n_cells: 5
  n_partitions: 10
  partitioner: RFPartition
  random_state: 0
  verbose: false
test_score: 0.48155716834556966
train_time: 0.33820414543151855
val_score: 0.49772574455271207
