contains_categorical: false
dummy_loss: 4.496120776938308
dummy_metadata: {}
metadata:
  test: {}
  val: {}
model_name: MultiTaskTrees
params:
  alpha: 3.751514503321534e-05
  batch_size: 1024
  depth: 3
  epochs: 10000
  learning_rate: 4.979747308857555
  loss_criteria: mse
  num_tasks: 1
  num_trees: 31
  power: 1.0269444731920596e-05
test_score: 48.73180380564834
train_time: 4.104771614074707
val_score: 21.7277442294009
