contains_categorical: postprocessed
dummy_loss: 16.01940150627429
dummy_metadata:
  auc: 0.5
  zo_loss: 0.4444444444444444
metadata:
  n_epochs: 127
  test:
    auc: 0.8055555555555556
    zo_loss: 0.2592592592592593
  val:
    auc: 0.8340277777777777
    zo_loss: 0.2222222222222222
model_name: JOPLEn
params:
  L1Norm_lam: 5.004885653068487e-05
  cell_model: CellModel.constant
  loss_fn: LogisticLoss
  max_iters: 100000
  mu: 4.8708313703149235
  n_cells: 2
  n_partitions: 61
  partitioner: LinearForestPartition
  random_state: 0
  verbose: false
test_score: 0.56603313491159
train_time: 0.365084171295166
val_score: 0.5004587768092782
