contains_categorical: false
dummy_loss: 16.019401506274292
dummy_metadata:
  auc: 0.5
  zo_loss: 0.4444444444444444
metadata:
  test:
    auc: 0.65
    zo_loss: 0.2222222222222222
  val:
    auc: 0.935064935064935
    zo_loss: 0.16666666666666663
model_name: LogisticRegression
params:
  C: 3.5863567399550824
  penalty: l2
  random_state: 0
test_score: 0.5797725641492429
train_time: 0.0042858123779296875
val_score: 0.37958187659136516
