contains_categorical: postprocessed
dummy_loss: 12.35782401912588
dummy_metadata:
  auc: 0.5
  zo_loss: 0.34285714285714286
metadata:
  n_epochs: 157
  test:
    auc: 0.9981884057971013
    zo_loss: 0.042857142857142816
  val:
    auc: 0.9706748188405797
    zo_loss: 0.0714285714285714
model_name: JOPLEn
params:
  GroupInf1Norm_lam: 69.35109846087113
  cell_model: CellModel.linear
  loss_fn: LogisticLoss
  max_iters: 100000
  mu: 1.0
  n_cells: 21
  n_partitions: 21
  partitioner: VPartition
  random_state: 0
  verbose: false
test_score: 0.11445624967244579
train_time: 0.48145508766174316
val_score: 0.19973452165531377
