contains_categorical: false
dummy_loss: 14.229815437785946
dummy_metadata:
  auc: 0.5
  zo_loss: 0.3947939262472885
metadata:
  n_epochs: 4266
  test:
    auc: 0.9707058174800111
    zo_loss: 0.05422993492407813
  val:
    auc: 0.9851482207568467
    zo_loss: 0.04239130434782612
model_name: JOPLEn
params:
  SquaredFNorm_lam: 1.9081504784859693
  SquaredLaplacian_lam: 5.036533291249659e-05
  SquaredLaplacian_laplacian_type: LaplacianType.NORMALIZED
  SquaredLaplacian_sigma: 0.0004794289192952516
  cell_model: CellModel.linear
  loss_fn: LogisticLoss
  max_iters: 100000
  mu: 1.0e-05
  n_cells: 26
  n_partitions: 351
  partitioner: GBPartition
  random_state: 0
  verbose: false
test_score: 0.22010689324578472
train_time: 54.1032817363739
val_score: 0.13976833428790875
