contains_categorical: postprocessed
dummy_loss: 16.019401506274292
dummy_metadata:
  auc: 0.5
  zo_loss: 0.4444444444444444
metadata:
  n_epochs: 345
  test:
    auc: 0.7
    zo_loss: 0.5555555555555556
  val:
    auc: 0.7291666666666666
    zo_loss: 0.4117647058823529
model_name: JOPLEn
params:
  Group21Norm_lam: 511.5254131079262
  SquaredFNorm_lam: 0.12626238290314362
  cell_model: CellModel.linear
  loss_fn: LogisticLoss
  max_iters: 100000
  n_cells: 32
  n_partitions: 10
  partitioner: LinearForestPartition
  random_state: 0
  verbose: false
test_score: 0.6685891714727527
train_time: 1.2737271785736084
val_score: 0.6256729161289882
