contains_categorical: postprocessed
dummy_loss: 12.014551129705717
dummy_metadata:
  auc: 0.5
  zo_loss: 0.33333333333333337
metadata:
  n_epochs: 356
  test:
    auc: 0.921875
    zo_loss: 0.16666666666666663
  val:
    auc: 1.0
    zo_loss: 0.04166666666666663
model_name: JOPLEn
params:
  SquaredFNorm_lam: 0.0004226881303143495
  SquaredLaplacian_lam: 9.076705872677258e-05
  SquaredLaplacian_laplacian_type: LaplacianType.NORMALIZED
  SquaredLaplacian_sigma: 238.9808336608799
  cell_model: CellModel.constant
  loss_fn: LogisticLoss
  max_iters: 100000
  mu: 6.572851798052961
  n_cells: 14
  n_partitions: 55
  partitioner: VPartition
  random_state: 0
  verbose: false
test_score: 0.33848284723185235
train_time: 1.1666061878204346
val_score: 0.14121255054144558
