contains_categorical: postprocessed
dummy_loss: 18.021826694558577
dummy_metadata:
  auc: 0.5
  zo_loss: 0.5
metadata:
  n_epochs: 100000
  test:
    auc: 1.0
    zo_loss: 0.050000000000000044
  val:
    auc: 1.0
    zo_loss: 0.0
model_name: JOPLEn
params:
  GroupInf1Norm_lam: 3.482882650777395
  cell_model: CellModel.linear
  loss_fn: LogisticLoss
  max_iters: 100000
  mu: 1.0
  n_cells: 32
  n_partitions: 16
  partitioner: VPartition
  random_state: 0
  verbose: false
test_score: 0.2939891483084945
train_time: 533.1767265796661
val_score: 1.1920929665620916e-07
