contains_categorical: postprocessed
dummy_loss: 12.270179877146266
dummy_metadata:
  auc: 0.5
  zo_loss: 0.34042553191489366
metadata:
  n_epochs: 213
  test:
    auc: 0.7197580645161291
    zo_loss: 0.3191489361702128
  val:
    auc: 0.7658811475409836
    zo_loss: 0.27956989247311825
model_name: JOPLEn
params:
  SquaredFNorm_lam: 137.54471232189854
  SquaredLaplacian_lam: 0.00032692687642450643
  SquaredLaplacian_laplacian_type: LaplacianType.LEFT_NORMALIZED
  SquaredLaplacian_sigma: 0.01765615043832152
  cell_model: CellModel.linear
  loss_fn: LogisticLoss
  max_iters: 100000
  mu: 5.661774719653916
  n_cells: 4
  n_partitions: 20
  partitioner: LinearForestPartition
  random_state: 0
  verbose: false
test_score: 0.5713847080538529
train_time: 0.7496194839477539
val_score: 0.53879717414617
