contains_categorical: false
dummy_loss: 18.74269976234092
dummy_metadata:
  auc: 0.5
  zo_loss: 0.52
metadata:
  n_epochs: 115
  test:
    auc: 0.9487179487179487
    zo_loss: 0.16000000000000003
  val:
    auc: 0.9952
    zo_loss: 0.06000000000000005
model_name: JOPLEn
params:
  SquaredFNorm_lam: 9.729020134253936e-05
  cell_model: CellModel.constant
  loss_fn: LogisticLoss
  max_iters: 100000
  mu: 4.980346569621209
  n_cells: 13
  n_partitions: 48
  partitioner: VPartition
  random_state: 0
  verbose: false
test_score: 0.809882966268749
train_time: 0.32454848289489746
val_score: 0.13027243408239564
