contains_categorical: postprocessed
dummy_loss: 16.01940150627429
dummy_metadata:
  auc: 0.5
  zo_loss: 0.4444444444444444
metadata:
  n_epochs: 107
  test:
    auc: 0.8666666666666666
    zo_loss: 0.2222222222222222
  val:
    auc: 0.8652777777777778
    zo_loss: 0.2592592592592593
model_name: JOPLEn
params:
  GroupInf1Norm_lam: 12.552969777771693
  cell_model: CellModel.linear
  loss_fn: LogisticLoss
  max_iters: 100000
  mu: 1.0
  n_cells: 9
  n_partitions: 211
  partitioner: VPartition
  random_state: 0
  verbose: false
test_score: 0.47319183273056886
train_time: 0.4204680919647217
val_score: 0.47845068403836016
