contains_categorical: false
dummy_loss: 18.74269976234092
dummy_metadata:
  auc: 0.5
  zo_loss: 0.52
metadata:
  n_epochs: 250
  test:
    auc: 0.9647435897435898
    zo_loss: 0.16000000000000003
  val:
    auc: 0.9648
    zo_loss: 0.12
model_name: JOPLEn
params:
  SquaredFNorm_lam: 1.6101433992063516e-05
  SquaredLaplacian_lam: 0.00035521626282805885
  SquaredLaplacian_laplacian_type: LaplacianType.LEFT_NORMALIZED
  SquaredLaplacian_sigma: 0.1025129860926195
  cell_model: CellModel.constant
  loss_fn: LogisticLoss
  max_iters: 100000
  mu: 10.0
  n_cells: 2
  n_partitions: 52
  partitioner: GBPartition
  random_state: 0
  verbose: false
test_score: 0.2863011655611374
train_time: 0.8151030540466309
val_score: 0.23505769969900064
