contains_categorical: postprocessed
dummy_loss: 12.35782401912588
dummy_metadata:
  auc: 0.5
  zo_loss: 0.34285714285714286
metadata:
  n_epochs: 208
  test:
    auc: 0.9189311594202899
    zo_loss: 0.09999999999999998
  val:
    auc: 0.9766757246376812
    zo_loss: 0.07857142857142863
model_name: JOPLEn
params:
  SquaredFNorm_lam: 229.97019895554584
  SquaredLaplacian_lam: 0.0005555831135251822
  SquaredLaplacian_laplacian_type: LaplacianType.LEFT_NORMALIZED
  SquaredLaplacian_sigma: 0.03677083306174992
  cell_model: CellModel.linear
  loss_fn: LogisticLoss
  max_iters: 100000
  mu: 5.72018892236293
  n_cells: 12
  n_partitions: 18
  partitioner: RFPartition
  random_state: 0
  verbose: false
test_score: 0.30339722263841024
train_time: 0.6803350448608398
val_score: 0.1732911065854589
