contains_categorical: false
dummy_loss: 18.021826694558573
dummy_metadata:
  auc: 0.5
  zo_loss: 0.5
metadata:
  n_epochs: 158
  test:
    auc: 0.5170653050255307
    zo_loss: 0.5163934426229508
  val:
    auc: 0.6229424219657127
    zo_loss: 0.3925619834710744
model_name: JOPLEn
params:
  SquaredFNorm_lam: 8.783748048597495e-05
  SquaredLaplacian_lam: 0.0001693779064314646
  SquaredLaplacian_laplacian_type: LaplacianType.LEFT_NORMALIZED
  SquaredLaplacian_sigma: 0.15568044445224463
  cell_model: CellModel.constant
  loss_fn: LogisticLoss
  max_iters: 100000
  mu: 9.137506130588047
  n_cells: 9
  n_partitions: 371
  partitioner: GBPartition
  random_state: 0
  verbose: false
test_score: 0.7171492758061493
train_time: 5.4582343101501465
val_score: 0.6738482319376434
