contains_categorical: false
dummy_loss: 0.9665871228368215
dummy_metadata: {}
metadata:
  test: {}
  val: {}
model_name: XGBRegressor
params:
  early_stopping_rounds: 74
  learning_rate: 0.11628140905554987
  max_leaves: 4
  n_estimators: 772
  objective: reg:squarederror
  random_state: 0
  reg_alpha: 0.1607889063340873
  reg_lambda: 0.07678771205395182
  verbosity: 0
test_score: 0.22183302449278647
train_time: 1.4631493091583252
val_score: 0.22239732179594368
