contains_categorical: postprocessed
dummy_loss: 13.730915576806535
dummy_metadata:
  auc: 0.5
  zo_loss: 0.38095238095238093
metadata:
  n_epochs: 23140
  test:
    auc: 0.9711538461538461
    zo_loss: 0.19047619047619047
  val:
    auc: 1.0
    zo_loss: 0.023809523809523836
model_name: JOPLEn
params:
  SquaredFNorm_lam: 6.87115065551136e-05
  cell_model: CellModel.linear
  loss_fn: LogisticLoss
  max_iters: 100000
  mu: 1.0e-05
  n_cells: 32
  n_partitions: 25
  partitioner: RFPartition
  random_state: 0
  verbose: false
test_score: 0.4108667732231054
train_time: 59.14659404754639
val_score: 0.029256712632148036
