contains_categorical: postprocessed
dummy_loss: 13.01576372384786
dummy_metadata:
  auc: 0.5
  zo_loss: 0.36111111111111116
metadata:
  test:
    auc: 0.9364548494983278
    zo_loss: 0.19444444444444442
  val:
    auc: 0.9848888888888888
    zo_loss: 0.0714285714285714
model_name: ExtraTreesClassifier
params:
  criterion: log_loss
  max_depth: 5
  max_features: 1
  max_leaf_nodes: 27
  n_estimators: 59
  random_state: 0
test_score: 0.4764443505567295
train_time: 0.05493664741516113
val_score: 0.3552371277844491
