contains_categorical: postprocessed
dummy_loss: 6.758185010459466
dummy_metadata:
  auc: 0.5
  zo_loss: 0.1875
metadata:
  n_epochs: 171
  test:
    auc: 0.5897435897435898
    zo_loss: 0.125
  val:
    auc: 0.8266666666666667
    zo_loss: 0.16129032258064513
model_name: JOPLEn
params:
  SquaredFNorm_lam: 1000.0
  cell_model: CellModel.linear
  loss_fn: LogisticLoss
  max_iters: 100000
  mu: 2.2715020663345187
  n_cells: 28
  n_partitions: 51
  partitioner: GBPartition
  random_state: 0
  verbose: false
test_score: 0.4832779079265218
train_time: 0.4830954074859619
val_score: 0.38318292410881416
