contains_categorical: false
dummy_loss: 17.506917360428332
dummy_metadata:
  auc: 0.5
  zo_loss: 0.48571428571428577
metadata:
  n_epochs: 175
  test:
    auc: 0.715686274509804
    zo_loss: 0.2857142857142857
  val:
    auc: 0.6134453781512605
    zo_loss: 0.42028985507246375
model_name: JOPLEn
params:
  SquaredFNorm_lam: 774.5658398448775
  SquaredLaplacian_lam: 0.0003032877934232068
  SquaredLaplacian_laplacian_type: LaplacianType.LEFT_NORMALIZED
  SquaredLaplacian_sigma: 0.001038828953452422
  cell_model: CellModel.linear
  loss_fn: LogisticLoss
  max_iters: 100000
  mu: 4.606668506754339
  n_cells: 16
  n_partitions: 24
  partitioner: GBPartition
  random_state: 0
  verbose: false
test_score: 0.6427388843323999
train_time: 0.6099660396575928
val_score: 0.6778660113689831
