contains_categorical: false
dummy_loss: 16.961719241937484
dummy_metadata:
  auc: 0.5
  zo_loss: 0.47058823529411764
metadata:
  n_epochs: 783
  test:
    auc: 0.9722222222222222
    zo_loss: 0.11764705882352944
  val:
    auc: 0.8388888888888889
    zo_loss: 0.1515151515151515
model_name: JOPLEn
params:
  SquaredFNorm_lam: 0.0008432175238335735
  cell_model: CellModel.constant
  loss_fn: LogisticLoss
  max_iters: 100000
  mu: 1.0e-05
  n_cells: 2
  n_partitions: 262
  partitioner: GBPartition
  random_state: 0
  verbose: false
test_score: 0.3594235818887335
train_time: 2.1792476177215576
val_score: 0.4711582193110498
