contains_categorical: postprocessed
dummy_loss: 13.63813912020649
dummy_metadata:
  auc: 0.5
  zo_loss: 0.3783783783783784
metadata:
  n_epochs: 245
  test:
    auc: 0.7204968944099378
    zo_loss: 0.2432432432432432
  val:
    auc: 0.7029156816390858
    zo_loss: 0.32432432432432434
model_name: JOPLEn
params:
  SquaredFNorm_lam: 776.5114781542935
  SquaredLaplacian_lam: 0.0009712869099674593
  SquaredLaplacian_laplacian_type: LaplacianType.LEFT_NORMALIZED
  SquaredLaplacian_sigma: 0.044296382958149666
  cell_model: CellModel.linear
  loss_fn: LogisticLoss
  max_iters: 100000
  mu: 4.334135580511465
  n_cells: 11
  n_partitions: 24
  partitioner: RFPartition
  random_state: 0
  verbose: false
test_score: 0.5587394730172143
train_time: 0.7910599708557129
val_score: 0.5989947422787142
