contains_categorical: false
dummy_loss: 0.9953950538485274
dummy_metadata: {}
metadata:
  test: {}
  val: {}
model_name: MultiTaskTrees
params:
  alpha: 0.03060237351881965
  batch_size: 512
  depth: 4
  epochs: 10000
  learning_rate: 0.05883841197215975
  loss_criteria: mse
  num_tasks: 1
  num_trees: 20
  power: 100.0
test_score: 0.18110958176519767
train_time: 13.4737069606781
val_score: 0.22352379704430933
