contains_categorical: postprocessed
dummy_loss: 2.669900251045715
dummy_metadata:
  auc: 0.5
  zo_loss: 0.07407407407407407
metadata:
  n_epochs: 131
  test:
    auc: 0.98
    zo_loss: 0.03703703703703709
  val:
    auc: 1.0
    zo_loss: 0.0
model_name: JOPLEn
params:
  GroupInf1Norm_lam: 0.0007345465372207521
  cell_model: CellModel.linear
  loss_fn: LogisticLoss
  max_iters: 100000
  mu: 1.9314454985682998
  n_cells: 12
  n_partitions: 1000
  partitioner: VPartition
  random_state: 0
  verbose: false
test_score: 0.5904589831060962
train_time: 0.8816578388214111
val_score: 0.00010809261797681922
