contains_categorical: false
dummy_loss: 18.74269976234092
dummy_metadata:
  auc: 0.5
  zo_loss: 0.52
metadata:
  n_epochs: 123
  test:
    auc: 0.9423076923076923
    zo_loss: 0.16000000000000003
  val:
    auc: 0.9728
    zo_loss: 0.12
model_name: JOPLEn
params:
  SquaredFNorm_lam: 0.13967766276365753
  SquaredLaplacian_lam: 1.0e-05
  SquaredLaplacian_laplacian_type: LaplacianType.NORMALIZED
  SquaredLaplacian_sigma: 1.12867500584481e-05
  cell_model: CellModel.linear
  loss_fn: LogisticLoss
  max_iters: 100000
  mu: 4.483282555935847
  n_cells: 3
  n_partitions: 29
  partitioner: GBPartition
  random_state: 0
  verbose: false
test_score: 0.5115672669520331
train_time: 0.4146690368652344
val_score: 0.267353455571275
