contains_categorical: postprocessed
dummy_loss: 15.859207491211547
dummy_metadata:
  auc: 0.5
  zo_loss: 0.43999999999999995
metadata:
  n_epochs: 111
  test:
    auc: 0.689935064935065
    zo_loss: 0.30000000000000004
  val:
    auc: 0.7435064935064936
    zo_loss: 0.28
model_name: JOPLEn
params:
  SquaredFNorm_lam: 0.0030669331843973884
  SquaredLaplacian_lam: 7.136390513556914e-05
  SquaredLaplacian_laplacian_type: LaplacianType.NORMALIZED
  SquaredLaplacian_sigma: 0.11202902290121336
  cell_model: CellModel.linear
  loss_fn: LogisticLoss
  max_iters: 100000
  mu: 4.736683855955497
  n_cells: 4
  n_partitions: 134
  partitioner: LinearForestPartition
  random_state: 0
  verbose: false
test_score: 0.6406003182703515
train_time: 0.527489423751831
val_score: 0.59132552502765
