contains_categorical: postprocessed
dummy_loss: 10.813096016735146
dummy_metadata:
  auc: 0.5
  zo_loss: 0.30000000000000004
metadata:
  n_epochs: 116
  test:
    auc: 0.6457142857142857
    zo_loss: 0.31000000000000005
  val:
    auc: 0.7461904761904762
    zo_loss: 0.265
model_name: JOPLEn
params:
  SquaredFNorm_lam: 0.25588946465545803
  SquaredLaplacian_lam: 1.0e-05
  SquaredLaplacian_laplacian_type: LaplacianType.NORMALIZED
  SquaredLaplacian_sigma: 0.0009102712520953056
  cell_model: CellModel.linear
  loss_fn: LogisticLoss
  max_iters: 100000
  mu: 5.866849791461768
  n_cells: 25
  n_partitions: 176
  partitioner: GBPartition
  random_state: 0
  verbose: false
test_score: 0.601178295968986
train_time: 1.625577449798584
val_score: 0.5321772638325775
