contains_categorical: false
dummy_loss: 18.74269976234092
dummy_metadata:
  auc: 0.5
  zo_loss: 0.52
metadata:
  n_epochs: 398
  test:
    auc: 0.9679487179487181
    zo_loss: 0.16000000000000003
  val:
    auc: 0.9568000000000001
    zo_loss: 0.09999999999999998
model_name: JOPLEn
params:
  Group21Norm_lam: 9.017365227946657
  SquaredFNorm_lam: 0.05314482621023929
  cell_model: CellModel.linear
  loss_fn: LogisticLoss
  max_iters: 100000
  n_cells: 4
  n_partitions: 787
  partitioner: LinearForestPartition
  random_state: 0
  verbose: false
test_score: 0.42217851385431643
train_time: 1.8807854652404785
val_score: 0.28485766908258864
