contains_categorical: false
dummy_loss: 12.638683655924195
dummy_metadata:
  auc: 0.5
  zo_loss: 0.35064935064935066
metadata:
  n_epochs: 110
  test:
    auc: 0.8755555555555556
    zo_loss: 0.20779220779220775
  val:
    auc: 0.8548148148148148
    zo_loss: 0.22077922077922074
model_name: JOPLEn
params:
  GroupInf1Norm_lam: 1000.0
  cell_model: CellModel.linear
  loss_fn: LogisticLoss
  max_iters: 100000
  mu: 1.0
  n_cells: 14
  n_partitions: 297
  partitioner: VPartition
  random_state: 0
  verbose: false
test_score: 0.4230780573878217
train_time: 0.45538330078125
val_score: 0.4396670690397059
