contains_categorical: postprocessed
dummy_loss: 13.216006242676288
dummy_metadata:
  auc: 0.5
  zo_loss: 0.3666666666666667
metadata:
  n_epochs: 637
  test:
    auc: 0.8564593301435406
    zo_loss: 0.1333333333333333
  val:
    auc: 0.8909774436090225
    zo_loss: 0.15254237288135597
model_name: JOPLEn
params:
  SquaredFNorm_lam: 1000.0
  cell_model: CellModel.linear
  loss_fn: LogisticLoss
  max_iters: 100000
  mu: 1.0
  n_cells: 4
  n_partitions: 10
  partitioner: VPartition
  random_state: 0
  verbose: false
test_score: 0.42627679803337143
train_time: 2.987186908721924
val_score: 0.42061740716098145
