contains_categorical: postprocessed
dummy_loss: 13.21600624267629
dummy_metadata:
  auc: 0.5
  zo_loss: 0.3666666666666667
metadata:
  n_epochs: 898
  test:
    auc: 0.8755980861244019
    zo_loss: 0.23333333333333328
  val:
    auc: 0.8583959899749373
    zo_loss: 0.18644067796610164
model_name: JOPLEn
params:
  L1Norm_lam: 0.00023675371154584457
  cell_model: CellModel.constant
  loss_fn: LogisticLoss
  max_iters: 100000
  mu: 1.0e-05
  n_cells: 6
  n_partitions: 1000
  partitioner: VPartition
  random_state: 0
  verbose: false
test_score: 0.43189596060791136
train_time: 2.7673404216766357
val_score: 0.47192305349231617
