contains_categorical: postprocessed
dummy_loss: 7.20873067782343
dummy_metadata:
  auc: 0.5
  zo_loss: 0.19999999999999996
metadata:
  test:
    auc: 0.8125
    zo_loss: 0.09999999999999998
  val:
    auc: 0.92
    zo_loss: 0.19999999999999996
model_name: LinearForestClassifier
params:
  ccp_alpha: 0.0458490670991499
  max_depth: 2
  max_leaf_nodes: 25
  n_estimators: 87
  random_state: 0
test_score: 0.5061266338685485
train_time: 0.05156135559082031
val_score: 0.2725786500582318
