contains_categorical: postprocessed
dummy_loss: 12.014551129705717
dummy_metadata:
  auc: 0.5
  zo_loss: 0.33333333333333337
metadata:
  n_epochs: 2652
  test:
    auc: 1.0
    zo_loss: 0.16666666666666663
  val:
    auc: 1.0
    zo_loss: 0.08333333333333337
model_name: JOPLEn
params:
  SquaredFNorm_lam: 1000.0
  cell_model: CellModel.linear
  loss_fn: LogisticLoss
  max_iters: 100000
  mu: 6.56830334776726
  n_cells: 2
  n_partitions: 77
  partitioner: LinearForestPartition
  random_state: 0
  verbose: false
test_score: 0.1391784254643427
train_time: 6.788952589035034
val_score: 0.09213763950785216
