contains_categorical: postprocessed
dummy_loss: 16.019401506274292
dummy_metadata:
  auc: 0.5
  zo_loss: 0.4444444444444444
metadata:
  n_epochs: 103
  test:
    auc: 0.7000000000000001
    zo_loss: 0.5555555555555556
  val:
    auc: 0.763888888888889
    zo_loss: 0.4117647058823529
model_name: JOPLEn
params:
  SquaredFNorm_lam: 0.00033509466109617344
  cell_model: CellModel.linear
  loss_fn: LogisticLoss
  max_iters: 100000
  mu: 2.21043814742305
  n_cells: 32
  n_partitions: 10
  partitioner: LinearForestPartition
  random_state: 0
  verbose: false
test_score: 0.6694643977220699
train_time: 0.2787022590637207
val_score: 0.6031790186977773
