contains_categorical: postprocessed
dummy_loss: 13.63813912020649
dummy_metadata:
  auc: 0.5
  zo_loss: 0.3783783783783784
metadata:
  n_epochs: 105
  test:
    auc: 0.7422360248447205
    zo_loss: 0.2432432432432432
  val:
    auc: 0.7194641449960599
    zo_loss: 0.28378378378378377
model_name: JOPLEn
params:
  SquaredFNorm_lam: 1.0e-05
  SquaredLaplacian_lam: 1.0e-05
  SquaredLaplacian_laplacian_type: LaplacianType.LEFT_NORMALIZED
  SquaredLaplacian_sigma: 83.98096892254794
  cell_model: CellModel.linear
  loss_fn: LogisticLoss
  max_iters: 100000
  mu: 1.00772173606495
  n_cells: 28
  n_partitions: 10
  partitioner: RFPartition
  random_state: 0
  verbose: false
test_score: 0.5815114388036061
train_time: 0.36708545684814453
val_score: 0.586869271234141
