contains_categorical: postprocessed
dummy_loss: 1.7055356493273102
dummy_metadata:
  auc: 0.5
  zo_loss: 0.04731861198738174
metadata:
  n_epochs: 128
  test:
    auc: 0.9801324503311258
    zo_loss: 0.03154574132492116
  val:
    auc: 0.9686600221483942
    zo_loss: 0.034810126582278444
model_name: JOPLEn
params:
  SquaredFNorm_lam: 0.0005510062511282872
  SquaredLaplacian_lam: 0.00021394002252207982
  SquaredLaplacian_laplacian_type: LaplacianType.LEFT_NORMALIZED
  SquaredLaplacian_sigma: 0.3179470443075608
  cell_model: CellModel.constant
  loss_fn: LogisticLoss
  max_iters: 100000
  mu: 8.91828156768627
  n_cells: 8
  n_partitions: 266
  partitioner: VPartition
  random_state: 0
  verbose: false
test_score: 0.08047267307068905
train_time: 0.7803876399993896
val_score: 0.090091650813068
