contains_categorical: postprocessed
dummy_loss: 7.20873067782343
dummy_metadata:
  auc: 0.5
  zo_loss: 0.19999999999999996
metadata:
  n_epochs: 119
  test:
    auc: 1.0
    zo_loss: 0.0
  val:
    auc: 0.9166666666666666
    zo_loss: 0.1578947368421053
model_name: JOPLEn
params:
  SquaredFNorm_lam: 2.6542480037655874e-05
  SquaredLaplacian_lam: 1.0e-05
  SquaredLaplacian_laplacian_type: LaplacianType.LEFT_NORMALIZED
  SquaredLaplacian_sigma: 1000.0
  cell_model: CellModel.constant
  loss_fn: LogisticLoss
  max_iters: 100000
  mu: 7.265856412766813
  n_cells: 2
  n_partitions: 868
  partitioner: GBPartition
  random_state: 0
  verbose: false
test_score: 0.1676010443062284
train_time: 0.6328611373901367
val_score: 0.34946958617628854
