contains_categorical: postprocessed
dummy_loss: 13.14091529811563
dummy_metadata:
  auc: 0.5
  zo_loss: 0.36458333333333337
metadata:
  n_epochs: 189
  test:
    auc: 0.9850117096018737
    zo_loss: 0.04166666666666663
  val:
    auc: 0.9866855190291033
    zo_loss: 0.05729166666666663
model_name: JOPLEn
params:
  L1Norm_lam: 0.002078844231110332
  cell_model: CellModel.constant
  loss_fn: LogisticLoss
  max_iters: 100000
  mu: 0.9011762607213578
  n_cells: 21
  n_partitions: 263
  partitioner: RFPartition
  random_state: 0
  verbose: false
test_score: 0.1608811572048192
train_time: 0.8861665725708008
val_score: 0.14682508131427888
