contains_categorical: postprocessed
dummy_loss: 6.007275564852859
dummy_metadata:
  auc: 0.5
  zo_loss: 0.16666666666666663
metadata:
  test:
    auc: 0.5
    zo_loss: 0.16666666666666663
  val:
    auc: 0.5
    zo_loss: 0.13888888888888884
model_name: GradientBoostingClassifier
params:
  ccp_alpha: 0.16380283669012125
  criterion: squared_error
  learning_rate: 0.5667810820541247
  loss: log_loss
  max_depth: 3
  max_leaf_nodes: 23
  n_estimators: 43
  random_state: 0
test_score: 0.45462311441782216
train_time: 0.022758007049560547
val_score: 0.4030082661352408
