contains_categorical: postprocessed
dummy_loss: 13.01576372384786
dummy_metadata:
  auc: 0.5
  zo_loss: 0.36111111111111116
metadata:
  n_epochs: 122
  test:
    auc: 0.9264214046822742
    zo_loss: 0.16666666666666663
  val:
    auc: 0.9697777777777778
    zo_loss: 0.042857142857142816
model_name: JOPLEn
params:
  L1Norm_lam: 0.000957263130948429
  cell_model: CellModel.constant
  loss_fn: LogisticLoss
  max_iters: 100000
  mu: 2.788587184047872
  n_cells: 6
  n_partitions: 1000
  partitioner: RFPartition
  random_state: 0
  verbose: false
test_score: 0.4184427774480364
train_time: 1.1618082523345947
val_score: 0.14065213535017915
