contains_categorical: false
dummy_loss: 10.2981866826049
dummy_metadata:
  auc: 0.5
  zo_loss: 0.2857142857142857
metadata:
  n_epochs: 129
  test:
    auc: 0.868
    zo_loss: 0.17142857142857137
  val:
    auc: 0.9318885448916409
    zo_loss: 0.12857142857142856
model_name: JOPLEn
params:
  Group21Norm_lam: 235.41541376507067
  cell_model: CellModel.linear
  loss_fn: LogisticLoss
  max_iters: 100000
  mu: 10.0
  n_cells: 8
  n_partitions: 541
  partitioner: VPartition
  random_state: 0
  verbose: false
test_score: 0.4079524480868911
train_time: 0.6048405170440674
val_score: 0.28468593869838316
