contains_categorical: postprocessed
dummy_loss: 6.758185010459466
dummy_metadata:
  auc: 0.5
  zo_loss: 0.1875
metadata:
  n_epochs: 190
  test:
    auc: 0.6410256410256411
    zo_loss: 0.1875
  val:
    auc: 0.9
    zo_loss: 0.12903225806451613
model_name: JOPLEn
params:
  SquaredFNorm_lam: 42.103992237092825
  SquaredLaplacian_lam: 0.00021113068371063926
  SquaredLaplacian_laplacian_type: LaplacianType.STANDARD
  SquaredLaplacian_sigma: 1.428594527046562
  cell_model: CellModel.linear
  loss_fn: LogisticLoss
  max_iters: 100000
  mu: 3.3968442686299887
  n_cells: 6
  n_partitions: 40
  partitioner: GBPartition
  random_state: 0
  verbose: false
test_score: 0.6757296239812309
train_time: 0.6319093704223633
val_score: 0.3397101839667226
