contains_categorical: postprocessed
dummy_loss: 2.1633525431921794
dummy_metadata:
  auc: 0.5
  zo_loss: 0.0600203458799593
metadata:
  n_epochs: 201
  test:
    auc: 0.6183047178809891
    zo_loss: 0.0600203458799593
  val:
    auc: 0.6482021649952311
    zo_loss: 0.05960264900662249
model_name: JOPLEn
params:
  SquaredFNorm_lam: 1.0e-05
  SquaredLaplacian_lam: 0.0002322949361399102
  SquaredLaplacian_laplacian_type: LaplacianType.NORMALIZED
  SquaredLaplacian_sigma: 604.1983152224037
  cell_model: CellModel.linear
  loss_fn: LogisticLoss
  max_iters: 100000
  mu: 8.37102503870989
  n_cells: 16
  n_partitions: 431
  partitioner: LinearForestPartition
  random_state: 0
  verbose: false
test_score: 0.2226865506065215
train_time: 6.469207763671875
val_score: 0.21735958314800716
