contains_categorical: false
dummy_loss: 21.626192033470293
dummy_metadata:
  auc: 0.5
  zo_loss: 0.6
metadata:
  n_epochs: 10280
  test:
    auc: 1.0
    zo_loss: 0.0
  val:
    auc: 0.9800000000000001
    zo_loss: 0.09999999999999998
model_name: JOPLEn
params:
  Group21Norm_lam: 86.72111603847496
  cell_model: CellModel.linear
  loss_fn: LogisticLoss
  max_iters: 100000
  mu: 1.0
  n_cells: 2
  n_partitions: 19
  partitioner: VPartition
  random_state: 0
  verbose: false
test_score: 0.4314053179226359
train_time: 26.757151126861572
val_score: 0.13863007984363623
