contains_categorical: false
dummy_loss: 15.769098357738756
dummy_metadata:
  auc: 0.5
  zo_loss: 0.4375
metadata:
  test:
    auc: 1.0
    zo_loss: 0.04166666666666663
  val:
    auc: 0.9969135802469136
    zo_loss: 0.03125
model_name: RandomForestClassifier
params:
  ccp_alpha: 0.003413389470862973
  criterion: log_loss
  max_depth: 5
  max_leaf_nodes: 20
  n_estimators: 10
  n_jobs: -1
  random_state: 0
test_score: 0.21749272652212195
train_time: 0.039815664291381836
val_score: 0.24154088381793148
