contains_categorical: postprocessed
dummy_loss: 6.007275564852859
dummy_metadata:
  auc: 0.5
  zo_loss: 0.16666666666666663
metadata:
  test:
    auc: 0.42222222222222217
    zo_loss: 0.2222222222222222
  val:
    auc: 0.7612903225806451
    zo_loss: 0.13888888888888884
model_name: CatBoostClassifier
params:
  allow_writing_files: false
  grow_policy: SymmetricTree
  iterations: 419
  l2_leaf_reg: 0.0008350658057253857
  learning_rate: 0.23055353633541756
  max_depth: 3
  od_type: Iter
  od_wait: 100
  random_seed: 0
  subsample: 1.0
test_score: 0.6490977264398607
train_time: 0.027804136276245117
val_score: 0.3488419529981869
