contains_categorical: postprocessed
dummy_loss: 15.44728002390735
dummy_metadata:
  auc: 0.5
  zo_loss: 0.4285714285714286
metadata:
  test:
    auc: 0.875
    zo_loss: 0.2142857142857143
  val:
    auc: 0.7527472527472527
    zo_loss: 0.2962962962962963
model_name: RandomForestClassifier
params:
  ccp_alpha: 3.078802582108938e-05
  criterion: log_loss
  max_depth: 5
  max_leaf_nodes: 5
  n_estimators: 842
  n_jobs: -1
  random_state: 0
test_score: 0.47983148152106037
train_time: 0.6764214038848877
val_score: 0.5606860591267998
