contains_categorical: false
dummy_loss: 10.2981866826049
dummy_metadata:
  auc: 0.5
  zo_loss: 0.2857142857142857
metadata:
  n_epochs: 376
  test:
    auc: 0.8840000000000001
    zo_loss: 0.2571428571428571
  val:
    auc: 0.9318885448916409
    zo_loss: 0.1428571428571429
model_name: JOPLEn
params:
  Group21Norm_lam: 99.24821080136016
  SquaredFNorm_lam: 1.0e-05
  cell_model: CellModel.linear
  loss_fn: LogisticLoss
  max_iters: 100000
  n_cells: 4
  n_partitions: 543
  partitioner: LinearForestPartition
  random_state: 0
  verbose: false
test_score: 0.4547308678361559
train_time: 1.9022901058197021
val_score: 0.3217224321240757
