contains_categorical: postprocessed
dummy_loss: 0.5721214823669392
dummy_metadata:
  auc: 0.5
  zo_loss: 0.015873015873015928
metadata:
  n_epochs: 459
  test:
    auc: 0.9520609318996416
    zo_loss: 0.021164021164021163
  val:
    auc: 0.908187331536388
    zo_loss: 0.01458885941644561
model_name: JOPLEn
params:
  SquaredFNorm_lam: 22.577329546127096
  SquaredLaplacian_lam: 0.0012253486685672704
  SquaredLaplacian_laplacian_type: LaplacianType.LEFT_NORMALIZED
  SquaredLaplacian_sigma: 0.18494659260835788
  cell_model: CellModel.linear
  loss_fn: LogisticLoss
  max_iters: 100000
  mu: 9.024766680091558
  n_cells: 4
  n_partitions: 21
  partitioner: LinearForestPartition
  random_state: 0
  verbose: false
test_score: 0.05437505290959919
train_time: 1.6630051136016846
val_score: 0.04488069787636356
