contains_categorical: false
dummy_loss: 17.826996135698483
dummy_metadata:
  auc: 0.5
  zo_loss: 0.49459459459459465
metadata:
  n_epochs: 4896
  test:
    auc: 0.9946962391513982
    zo_loss: 0.02972972972972976
  val:
    auc: 0.9947622914243495
    zo_loss: 0.03380662609871532
model_name: JOPLEn
params:
  SquaredFNorm_lam: 1.7922454356885763e-05
  cell_model: CellModel.constant
  loss_fn: LogisticLoss
  max_iters: 100000
  mu: 1.0e-05
  n_cells: 32
  n_partitions: 1000
  partitioner: LinearForestPartition
  random_state: 0
  verbose: false
test_score: 0.09405279871632682
train_time: 269.6022253036499
val_score: 0.09648370254077601
