contains_categorical: postprocessed
dummy_loss: 16.193525435690322
dummy_metadata:
  auc: 0.5
  zo_loss: 0.4492753623188406
metadata:
  n_epochs: 839
  test:
    auc: 0.9286926994906621
    zo_loss: 0.2028985507246377
  val:
    auc: 0.7562273791781988
    zo_loss: 0.28985507246376807
model_name: JOPLEn
params:
  L1Norm_lam: 0.0004986475306061543
  cell_model: CellModel.constant
  loss_fn: LogisticLoss
  max_iters: 100000
  mu: 1.0e-05
  n_cells: 7
  n_partitions: 805
  partitioner: VPartition
  random_state: 0
  verbose: false
test_score: 0.42457578699247756
train_time: 2.5400748252868652
val_score: 0.5908874582953595
