contains_categorical: postprocessed
dummy_loss: 16.277778949923878
dummy_metadata:
  auc: 0.5
  zo_loss: 0.4516129032258065
metadata:
  n_epochs: 120
  test:
    auc: 0.8109243697478992
    zo_loss: 0.32258064516129037
  val:
    auc: 0.8192640692640693
    zo_loss: 0.3114754098360656
model_name: JOPLEn
params:
  SquaredFNorm_lam: 0.0016902787385531942
  SquaredLaplacian_lam: 0.0034224684022052224
  SquaredLaplacian_laplacian_type: LaplacianType.NORMALIZED
  SquaredLaplacian_sigma: 58.77934979710351
  cell_model: CellModel.linear
  loss_fn: LogisticLoss
  max_iters: 100000
  mu: 7.451083144472399
  n_cells: 2
  n_partitions: 143
  partitioner: LinearForestPartition
  random_state: 0
  verbose: false
test_score: 0.5250968021880744
train_time: 0.487140417098999
val_score: 0.5147163670704064
