contains_categorical: postprocessed
dummy_loss: 13.21600624267629
dummy_metadata:
  auc: 0.5
  zo_loss: 0.3666666666666667
metadata:
  n_epochs: 120
  test:
    auc: 0.8086124401913876
    zo_loss: 0.30000000000000004
  val:
    auc: 0.8546365914786966
    zo_loss: 0.22033898305084743
model_name: JOPLEn
params:
  Group21Norm_lam: 70.27033799877564
  cell_model: CellModel.linear
  loss_fn: LogisticLoss
  max_iters: 100000
  mu: 1.0
  n_cells: 17
  n_partitions: 10
  partitioner: VPartition
  random_state: 0
  verbose: false
test_score: 0.5298924231016431
train_time: 0.33836889266967773
val_score: 0.4532607854887834
