contains_categorical: postprocessed
dummy_loss: 7.20873067782343
dummy_metadata:
  auc: 0.5
  zo_loss: 0.19999999999999996
metadata:
  test:
    auc: 0.8125
    zo_loss: 0.09999999999999998
  val:
    auc: 0.92
    zo_loss: 0.15000000000000002
model_name: GradientBoostingClassifier
params:
  ccp_alpha: 1.500258237059743e-05
  criterion: squared_error
  learning_rate: 0.20314707966659906
  loss: log_loss
  max_depth: 2
  max_leaf_nodes: 2
  n_estimators: 1000
  random_state: 0
test_score: 0.2896275058464565
train_time: 0.2881748676300049
val_score: 0.2756270466842104
