contains_categorical: false
dummy_loss: 10.2981866826049
dummy_metadata:
  auc: 0.5
  zo_loss: 0.2857142857142857
metadata:
  n_epochs: 133
  test:
    auc: 0.84
    zo_loss: 0.19999999999999996
  val:
    auc: 0.9442724458204335
    zo_loss: 0.17142857142857137
model_name: JOPLEn
params:
  Group21Norm_lam: 336.2675331825541
  cell_model: CellModel.linear
  loss_fn: LogisticLoss
  max_iters: 100000
  mu: 1.0
  n_cells: 5
  n_partitions: 575
  partitioner: VPartition
  random_state: 0
  verbose: false
test_score: 0.45346585190353006
train_time: 0.6843850612640381
val_score: 0.25628610318667067
