contains_categorical: postprocessed
dummy_loss: 0.5721214823669392
dummy_metadata:
  auc: 0.5
  zo_loss: 0.015873015873015928
metadata:
  n_epochs: 134
  test:
    auc: 0.7941308243727598
    zo_loss: 0.015873015873015928
  val:
    auc: 0.8613544474393531
    zo_loss: 0.01591511936339518
model_name: JOPLEn
params:
  L1Norm_lam: 8.771034878962016e-05
  cell_model: CellModel.constant
  loss_fn: LogisticLoss
  max_iters: 100000
  mu: 7.689325872577331
  n_cells: 32
  n_partitions: 10
  partitioner: VPartition
  random_state: 0
  verbose: false
test_score: 0.07564519588554403
train_time: 0.3442533016204834
val_score: 0.06514790038177466
