contains_categorical: postprocessed
dummy_loss: 12.014551129705717
dummy_metadata:
  auc: 0.5
  zo_loss: 0.33333333333333337
metadata:
  n_epochs: 110
  test:
    auc: 0.890625
    zo_loss: 0.16666666666666663
  val:
    auc: 1.0
    zo_loss: 0.04166666666666663
model_name: JOPLEn
params:
  SquaredFNorm_lam: 2.7198151022041382e-05
  cell_model: CellModel.constant
  loss_fn: LogisticLoss
  max_iters: 100000
  mu: 6.961270289066572
  n_cells: 6
  n_partitions: 1000
  partitioner: RFPartition
  random_state: 0
  verbose: false
test_score: 0.6698221706374915
train_time: 0.9407858848571777
val_score: 0.1046861496167163
