contains_categorical: false
dummy_loss: 18.74269976234092
dummy_metadata:
  auc: 0.5
  zo_loss: 0.52
metadata:
  n_epochs: 109
  test:
    auc: 0.9487179487179487
    zo_loss: 0.19999999999999996
  val:
    auc: 0.9568
    zo_loss: 0.12
model_name: JOPLEn
params:
  Group21Norm_lam: 1000.0
  cell_model: CellModel.linear
  loss_fn: LogisticLoss
  max_iters: 100000
  mu: 1.0
  n_cells: 25
  n_partitions: 144
  partitioner: VPartition
  random_state: 0
  verbose: false
test_score: 0.5626897743924689
train_time: 0.3604872226715088
val_score: 0.23989336947594342
