contains_categorical: false
dummy_loss: 17.163644471008165
dummy_metadata:
  auc: 0.5
  zo_loss: 0.47619047619047616
metadata:
  n_epochs: 124
  test:
    auc: 0.9727272727272727
    zo_loss: 0.1428571428571429
  val:
    auc: 0.9477272727272726
    zo_loss: 0.1428571428571429
model_name: JOPLEn
params:
  GroupInf1Norm_lam: 85.48768058399028
  cell_model: CellModel.linear
  loss_fn: LogisticLoss
  max_iters: 100000
  mu: 1.0
  n_cells: 32
  n_partitions: 261
  partitioner: VPartition
  random_state: 0
  verbose: false
test_score: 0.26625512933218276
train_time: 0.46817493438720703
val_score: 0.29623822779588566
