contains_categorical: postprocessed
dummy_loss: 7.20873067782343
dummy_metadata:
  auc: 0.5
  zo_loss: 0.19999999999999996
metadata:
  n_epochs: 231
  test:
    auc: 0.875
    zo_loss: 0.09999999999999998
  val:
    auc: 1.0
    zo_loss: 0.09999999999999998
model_name: JOPLEn
params:
  SquaredFNorm_lam: 1.0e-05
  cell_model: CellModel.linear
  loss_fn: LogisticLoss
  max_iters: 100000
  mu: 1.4842755840169244
  n_cells: 2
  n_partitions: 25
  partitioner: LinearForestPartition
  random_state: 0
  verbose: false
test_score: 0.48810205188830114
train_time: 0.6044626235961914
val_score: 0.16155242915106063
