contains_categorical: false
dummy_loss: 13.27924072230632
dummy_metadata:
  auc: 0.5
  zo_loss: 0.368421052631579
metadata:
  n_epochs: 364
  test:
    auc: 0.9616402116402116
    zo_loss: 0.03508771929824561
  val:
    auc: 0.9990173599737963
    zo_loss: 0.01754385964912286
model_name: JOPLEn
params:
  SquaredFNorm_lam: 6.587237566862434e-05
  cell_model: CellModel.constant
  loss_fn: LogisticLoss
  max_iters: 100000
  mu: 2.9128831997877644
  n_cells: 25
  n_partitions: 219
  partitioner: RFPartition
  random_state: 0
  verbose: false
test_score: 0.2923763856188845
train_time: 1.537083625793457
val_score: 0.044233158153750875
