contains_categorical: false
dummy_loss: 16.961719241937484
dummy_metadata:
  auc: 0.5
  zo_loss: 0.47058823529411764
metadata:
  n_epochs: 103
  test:
    auc: 1.0
    zo_loss: 0.11764705882352944
  val:
    auc: 0.8666666666666667
    zo_loss: 0.24242424242424243
model_name: JOPLEn
params:
  L1Norm_lam: 4.986108259512651e-05
  cell_model: CellModel.constant
  loss_fn: LogisticLoss
  max_iters: 100000
  mu: 2.412695464831028
  n_cells: 22
  n_partitions: 46
  partitioner: VPartition
  random_state: 0
  verbose: false
test_score: 0.2387906144801495
train_time: 0.2853362560272217
val_score: 0.4358618268625115
