contains_categorical: false
dummy_loss: 18.021826694558577
dummy_metadata:
  auc: 0.5
  zo_loss: 0.5
metadata:
  n_epochs: 105
  test:
    auc: 0.7777777777777779
    zo_loss: 0.33333333333333337
  val:
    auc: 0.9666666666666668
    zo_loss: 0.09090909090909094
model_name: JOPLEn
params:
  SquaredFNorm_lam: 0.0008030247896423689
  cell_model: CellModel.linear
  loss_fn: LogisticLoss
  max_iters: 100000
  mu: 1.0
  n_cells: 18
  n_partitions: 10
  partitioner: VPartition
  random_state: 0
  verbose: false
test_score: 0.5901453044623739
train_time: 0.3390204906463623
val_score: 0.21281695171379725
