contains_categorical: postprocessed
dummy_loss: 16.193525435690322
dummy_metadata:
  auc: 0.5
  zo_loss: 0.4492753623188406
metadata:
  n_epochs: 177
  test:
    auc: 0.8794567062818336
    zo_loss: 0.17391304347826086
  val:
    auc: 0.8096657440919737
    zo_loss: 0.23913043478260865
model_name: JOPLEn
params:
  SquaredFNorm_lam: 1000.0
  SquaredLaplacian_lam: 1.7408615678746805e-05
  SquaredLaplacian_laplacian_type: LaplacianType.LEFT_NORMALIZED
  SquaredLaplacian_sigma: 0.024384252224399362
  cell_model: CellModel.linear
  loss_fn: LogisticLoss
  max_iters: 100000
  mu: 3.0683342800141657
  n_cells: 5
  n_partitions: 226
  partitioner: GBPartition
  random_state: 0
  verbose: false
test_score: 0.44774676656750945
train_time: 0.7549822330474854
val_score: 0.5092960244332765
