contains_categorical: postprocessed
dummy_loss: 12.014551129705717
dummy_metadata:
  auc: 0.5
  zo_loss: 0.33333333333333337
metadata:
  n_epochs: 486
  test:
    auc: 0.828125
    zo_loss: 0.16666666666666663
  val:
    auc: 0.90625
    zo_loss: 0.16666666666666663
model_name: JOPLEn
params:
  GroupInf1Norm_lam: 0.07158608353152197
  SquaredFNorm_lam: 0.00023420398419858412
  cell_model: CellModel.linear
  loss_fn: LogisticLoss
  max_iters: 100000
  n_cells: 4
  n_partitions: 26
  partitioner: LinearForestPartition
  random_state: 0
  verbose: false
test_score: 0.38909828813561537
train_time: 1.7298564910888672
val_score: 0.339270336125645
