contains_categorical: postprocessed
dummy_loss: 12.35782401912588
dummy_metadata:
  auc: 0.5
  zo_loss: 0.34285714285714286
metadata:
  n_epochs: 110
  test:
    auc: 0.9189311594202899
    zo_loss: 0.09999999999999998
  val:
    auc: 0.9766757246376812
    zo_loss: 0.07857142857142863
model_name: JOPLEn
params:
  SquaredFNorm_lam: 4.819635809348758
  SquaredLaplacian_lam: 2.0180895763007724e-05
  SquaredLaplacian_laplacian_type: LaplacianType.NORMALIZED
  SquaredLaplacian_sigma: 0.0006513337679514517
  cell_model: CellModel.linear
  loss_fn: LogisticLoss
  max_iters: 100000
  mu: 1.0321744724292863
  n_cells: 28
  n_partitions: 171
  partitioner: GBPartition
  random_state: 0
  verbose: false
test_score: 0.3046523698778236
train_time: 0.44805026054382324
val_score: 0.16912658248498508
