contains_categorical: false
dummy_loss: 17.506917360428332
dummy_metadata:
  auc: 0.5
  zo_loss: 0.48571428571428577
metadata:
  n_epochs: 169
  test:
    auc: 0.6633986928104576
    zo_loss: 0.37142857142857144
  val:
    auc: 0.6109243697478992
    zo_loss: 0.4347826086956522
model_name: JOPLEn
params:
  SquaredFNorm_lam: 166.32945496368703
  cell_model: CellModel.linear
  loss_fn: LogisticLoss
  max_iters: 100000
  mu: 10.0
  n_cells: 11
  n_partitions: 10
  partitioner: RFPartition
  random_state: 0
  verbose: false
test_score: 0.6552884103525848
train_time: 0.4854393005371094
val_score: 0.6740667104284247
