contains_categorical: false
dummy_loss: 13.27924072230632
dummy_metadata:
  auc: 0.5
  zo_loss: 0.368421052631579
metadata:
  n_epochs: 111
  test:
    auc: 0.9775132275132274
    zo_loss: 0.03508771929824561
  val:
    auc: 0.9977071732721913
    zo_loss: 0.02631578947368418
model_name: JOPLEn
params:
  Group21Norm_lam: 25.21630137995219
  cell_model: CellModel.linear
  loss_fn: LogisticLoss
  max_iters: 100000
  mu: 1.0
  n_cells: 32
  n_partitions: 153
  partitioner: VPartition
  random_state: 0
  verbose: false
test_score: 0.1334259581822403
train_time: 0.40578389167785645
val_score: 0.06771441223898965
