contains_categorical: postprocessed
dummy_loss: 11.15636890615531
dummy_metadata:
  auc: 0.5
  zo_loss: 0.30952380952380953
metadata:
  n_epochs: 112
  test:
    auc: 0.6107692307692308
    zo_loss: 0.28095238095238095
  val:
    auc: 0.639340095071049
    zo_loss: 0.26428571428571423
model_name: JOPLEn
params:
  Group21Norm_lam: 0.08620401489762135
  cell_model: CellModel.linear
  loss_fn: LogisticLoss
  max_iters: 100000
  mu: 5.603413114161611
  n_cells: 2
  n_partitions: 602
  partitioner: RFPartition
  random_state: 0
  verbose: false
test_score: 0.5928947827421837
train_time: 1.1904447078704834
val_score: 0.5901042756983571
