contains_categorical: false
dummy_loss: 16.961719241937484
dummy_metadata:
  auc: 0.5
  zo_loss: 0.47058823529411764
metadata:
  n_epochs: 182
  test:
    auc: 0.8472222222222222
    zo_loss: 0.17647058823529416
  val:
    auc: 0.8629629629629629
    zo_loss: 0.24242424242424243
model_name: JOPLEn
params:
  SquaredFNorm_lam: 0.000271886123788398
  SquaredLaplacian_lam: 3.072059221610388e-05
  SquaredLaplacian_laplacian_type: LaplacianType.LEFT_NORMALIZED
  SquaredLaplacian_sigma: 3.903643624593849
  cell_model: CellModel.constant
  loss_fn: LogisticLoss
  max_iters: 100000
  mu: 8.041850718242289
  n_cells: 2
  n_partitions: 299
  partitioner: LinearForestPartition
  random_state: 0
  verbose: false
test_score: 0.4812197516837936
train_time: 0.7781670093536377
val_score: 0.4839690220708288
