contains_categorical: postprocessed
dummy_loss: 5.118198781254636
dummy_metadata:
  auc: 0.5
  zo_loss: 0.14200000000000002
metadata:
  n_epochs: 239
  test:
    auc: 0.7729406743491251
    zo_loss: 0.09999999999999998
  val:
    auc: 0.794094794094794
    zo_loss: 0.09909909909909909
model_name: JOPLEn
params:
  SquaredFNorm_lam: 71.07374529325283
  cell_model: CellModel.linear
  loss_fn: LogisticLoss
  max_iters: 100000
  mu: 6.23871094095188
  n_cells: 16
  n_partitions: 267
  partitioner: LinearForestPartition
  random_state: 0
  verbose: false
test_score: 0.306300333449462
train_time: 3.7972605228424072
val_score: 0.30117171675722054
