contains_categorical: false
dummy_loss: 16.961719241937484
dummy_metadata:
  auc: 0.5
  zo_loss: 0.47058823529411764
metadata:
  n_epochs: 103
  test:
    auc: 1.0
    zo_loss: 0.0
  val:
    auc: 0.8703703703703705
    zo_loss: 0.18181818181818177
model_name: JOPLEn
params:
  SquaredFNorm_lam: 0.0002071118588967106
  cell_model: CellModel.constant
  loss_fn: LogisticLoss
  max_iters: 100000
  mu: 3.0671751194883146
  n_cells: 13
  n_partitions: 30
  partitioner: VPartition
  random_state: 0
  verbose: false
test_score: 0.2103340622557046
train_time: 0.290907621383667
val_score: 0.44946214172869414
