contains_categorical: postprocessed
dummy_loss: 5.118198781254636
dummy_metadata:
  auc: 0.5
  zo_loss: 0.14200000000000002
metadata:
  n_epochs: 3948
  test:
    auc: 0.702944942381562
    zo_loss: 0.10199999999999998
  val:
    auc: 0.7477971201375456
    zo_loss: 0.10510510510510507
model_name: JOPLEn
params:
  Group21Norm_lam: 896.2649094429266
  cell_model: CellModel.linear
  loss_fn: LogisticLoss
  max_iters: 100000
  mu: 1.0e-05
  n_cells: 2
  n_partitions: 1000
  partitioner: VPartition
  random_state: 0
  verbose: false
test_score: 0.3486502408096311
train_time: 16.720579147338867
val_score: 0.3269651222261511
