contains_categorical: postprocessed
dummy_loss: 16.19352543569032
dummy_metadata:
  auc: 0.5
  zo_loss: 0.4492753623188406
metadata:
  n_epochs: 119
  test:
    auc: 0.8955857385398982
    zo_loss: 0.14492753623188404
  val:
    auc: 0.8924845646157121
    zo_loss: 0.12318840579710144
model_name: JOPLEn
params:
  SquaredFNorm_lam: 5.677332895878059e-05
  cell_model: CellModel.constant
  loss_fn: LogisticLoss
  max_iters: 100000
  mu: 1.9841965406800859
  n_cells: 4
  n_partitions: 248
  partitioner: LinearForestPartition
  random_state: 0
  verbose: false
test_score: 0.37624685473067204
train_time: 0.5565166473388672
val_score: 0.3933720143366264
