contains_categorical: postprocessed
dummy_loss: 13.63813912020649
dummy_metadata:
  auc: 0.5
  zo_loss: 0.3783783783783784
metadata:
  n_epochs: 166
  test:
    auc: 0.7298136645962733
    zo_loss: 0.2702702702702703
  val:
    auc: 0.718676122931442
    zo_loss: 0.2567567567567568
model_name: JOPLEn
params:
  SquaredFNorm_lam: 117.64866011468887
  SquaredLaplacian_lam: 0.0001990868824676307
  SquaredLaplacian_laplacian_type: LaplacianType.LEFT_NORMALIZED
  SquaredLaplacian_sigma: 0.04469720474710362
  cell_model: CellModel.linear
  loss_fn: LogisticLoss
  max_iters: 100000
  mu: 8.084626652451867
  n_cells: 4
  n_partitions: 20
  partitioner: LinearForestPartition
  random_state: 0
  verbose: false
test_score: 0.5788457177534518
train_time: 0.5591897964477539
val_score: 0.5818495093066491
