contains_categorical: false
dummy_loss: 21.626192033470293
dummy_metadata:
  auc: 0.5
  zo_loss: 0.6
metadata:
  n_epochs: 105
  test:
    auc: 1.0
    zo_loss: 0.0
  val:
    auc: 0.92
    zo_loss: 0.09999999999999998
model_name: JOPLEn
params:
  Group21Norm_lam: 1.0e-05
  SquaredFNorm_lam: 0.2872427062658895
  cell_model: CellModel.linear
  loss_fn: LogisticLoss
  max_iters: 100000
  n_cells: 2
  n_partitions: 1000
  partitioner: LinearForestPartition
  random_state: 0
  verbose: false
test_score: 0.26863429341454065
train_time: 0.9607791900634766
val_score: 0.351525004283037
