contains_categorical: postprocessed
dummy_loss: 16.277778949923878
dummy_metadata:
  auc: 0.5
  zo_loss: 0.4516129032258065
metadata:
  n_epochs: 120
  test:
    auc: 0.6680672268907564
    zo_loss: 0.29032258064516125
  val:
    auc: 0.8235930735930735
    zo_loss: 0.2786885245901639
model_name: JOPLEn
params:
  SquaredFNorm_lam: 1.0e-05
  cell_model: CellModel.constant
  loss_fn: LogisticLoss
  max_iters: 100000
  mu: 5.764419071114018
  n_cells: 5
  n_partitions: 114
  partitioner: VPartition
  random_state: 0
  verbose: false
test_score: 0.7584349048907071
train_time: 0.3688316345214844
val_score: 0.5195767355348746
