contains_categorical: postprocessed
dummy_loss: 18.021826694558577
dummy_metadata:
  auc: 0.5
  zo_loss: 0.5
metadata:
  n_epochs: 100000
  test:
    auc: 0.9500000000000001
    zo_loss: 0.050000000000000044
  val:
    auc: 1.0
    zo_loss: 0.0
model_name: JOPLEn
params:
  GroupInf1Norm_lam: 1000.0
  cell_model: CellModel.linear
  loss_fn: LogisticLoss
  max_iters: 100000
  mu: 8.291961502974008
  n_cells: 28
  n_partitions: 33
  partitioner: VPartition
  random_state: 0
  verbose: false
test_score: 0.797119370892769
train_time: 371.59716057777405
val_score: 1.1920929665620916e-07
