contains_categorical: postprocessed
dummy_loss: 7.20873067782343
dummy_metadata:
  auc: 0.5
  zo_loss: 0.19999999999999996
metadata:
  n_epochs: 116
  test:
    auc: 1.0
    zo_loss: 0.0
  val:
    auc: 0.9333333333333333
    zo_loss: 0.10526315789473684
model_name: JOPLEn
params:
  SquaredFNorm_lam: 0.5112030691006453
  cell_model: CellModel.linear
  loss_fn: LogisticLoss
  max_iters: 100000
  mu: 8.963429872359079
  n_cells: 2
  n_partitions: 63
  partitioner: GBPartition
  random_state: 0
  verbose: false
test_score: 0.03029647277710399
train_time: 0.32807135581970215
val_score: 0.2652256504111345
