contains_categorical: postprocessed
dummy_loss: 16.019401506274292
dummy_metadata:
  auc: 0.5
  zo_loss: 0.4444444444444444
metadata:
  n_epochs: 103
  test:
    auc: 0.6
    zo_loss: 0.4444444444444444
  val:
    auc: 0.7222222222222222
    zo_loss: 0.3529411764705882
model_name: JOPLEn
params:
  SquaredFNorm_lam: 0.0007566320249315097
  SquaredLaplacian_lam: 1.2146066840559434e-05
  SquaredLaplacian_laplacian_type: LaplacianType.LEFT_NORMALIZED
  SquaredLaplacian_sigma: 252.97373999384968
  cell_model: CellModel.linear
  loss_fn: LogisticLoss
  max_iters: 100000
  mu: 1.0
  n_cells: 21
  n_partitions: 23
  partitioner: VPartition
  random_state: 0
  verbose: false
test_score: 0.6763417111356963
train_time: 0.3656892776489258
val_score: 0.6028218631808103
