contains_categorical: postprocessed
dummy_loss: 6.758185010459466
dummy_metadata:
  auc: 0.5
  zo_loss: 0.1875
metadata:
  n_epochs: 113
  test:
    auc: 0.6153846153846154
    zo_loss: 0.1875
  val:
    auc: 0.7933333333333333
    zo_loss: 0.12903225806451613
model_name: JOPLEn
params:
  SquaredFNorm_lam: 0.046315750271830866
  SquaredLaplacian_lam: 1.833610876854162e-05
  SquaredLaplacian_laplacian_type: LaplacianType.LEFT_NORMALIZED
  SquaredLaplacian_sigma: 2.6219087009356876
  cell_model: CellModel.constant
  loss_fn: LogisticLoss
  max_iters: 100000
  mu: 8.018530562208806
  n_cells: 2
  n_partitions: 167
  partitioner: VPartition
  random_state: 0
  verbose: false
test_score: 0.4604988383847991
train_time: 0.43512630462646484
val_score: 0.40435363527746193
