contains_categorical: false
dummy_loss: 4.496120776938308
dummy_metadata: {}
metadata:
  test: {}
  val: {}
model_name: XGBRegressor
params:
  early_stopping_rounds: 11
  learning_rate: 0.7231269710094461
  max_leaves: 9
  n_estimators: 10
  objective: reg:squarederror
  random_state: 0
  reg_alpha: 1.343635617855522
  reg_lambda: 0.029843956511695167
  verbosity: 0
test_score: 2.035746673308237
train_time: 0.22266173362731934
val_score: 2.8383057385228754
