contains_categorical: false
dummy_loss: 15.769098357738756
dummy_metadata:
  auc: 0.5
  zo_loss: 0.4375
metadata:
  test:
    auc: 1.0
    zo_loss: 0.0
  val:
    auc: 1.0
    zo_loss: 0.0
model_name: LinearForestClassifier
params:
  ccp_alpha: 0.0001438236615574094
  max_depth: 5
  max_leaf_nodes: 15
  n_estimators: 98
  random_state: 0
test_score: 0.002043318060027005
train_time: 0.7266514301300049
val_score: 0.001537456900509053
