contains_categorical: postprocessed
dummy_loss: 16.277778949923874
dummy_metadata:
  auc: 0.5
  zo_loss: 0.4516129032258065
metadata:
  n_epochs: 1572
  test:
    auc: 0.7563025210084033
    zo_loss: 0.29032258064516125
  val:
    auc: 0.7792207792207791
    zo_loss: 0.2786885245901639
model_name: JOPLEn
params:
  L1Norm_lam: 5.190913796019475e-05
  cell_model: CellModel.constant
  loss_fn: LogisticLoss
  max_iters: 100000
  mu: 1.0e-05
  n_cells: 32
  n_partitions: 21
  partitioner: RFPartition
  random_state: 0
  verbose: false
test_score: 0.6054018469060591
train_time: 3.849270820617676
val_score: 0.551317571330275
