contains_categorical: postprocessed
dummy_loss: 18.021826694558577
dummy_metadata:
  auc: 0.5
  zo_loss: 0.5
metadata:
  test:
    auc: 0.97
    zo_loss: 0.09999999999999998
  val:
    auc: 0.9900000000000001
    zo_loss: 0.07499999999999996
model_name: RandomForestClassifier
params:
  ccp_alpha: 3.100133763870923e-05
  criterion: log_loss
  max_depth: 5
  max_leaf_nodes: 28
  n_estimators: 14
  n_jobs: -1
  random_state: 0
test_score: 0.34331892321850355
train_time: 0.04323601722717285
val_score: 0.2792710632962766
