contains_categorical: postprocessed
dummy_loss: 12.35782401912588
dummy_metadata:
  auc: 0.5
  zo_loss: 0.34285714285714286
metadata:
  n_epochs: 160
  test:
    auc: 0.9990942028985508
    zo_loss: 0.02857142857142858
  val:
    auc: 0.9753170289855072
    zo_loss: 0.09285714285714286
model_name: JOPLEn
params:
  SquaredFNorm_lam: 0.10842396164838802
  cell_model: CellModel.linear
  loss_fn: LogisticLoss
  max_iters: 100000
  mu: 1.0
  n_cells: 5
  n_partitions: 705
  partitioner: VPartition
  random_state: 0
  verbose: false
test_score: 0.08586789782480728
train_time: 0.763606071472168
val_score: 0.19937879506182457
