contains_categorical: postprocessed
dummy_loss: 16.19352543569032
dummy_metadata:
  auc: 0.5
  zo_loss: 0.4492753623188406
metadata:
  n_epochs: 117
  test:
    auc: 0.8276740237691002
    zo_loss: 0.23188405797101452
  val:
    auc: 0.8801362571854374
    zo_loss: 0.21739130434782605
model_name: JOPLEn
params:
  L1Norm_lam: 1.0e-05
  cell_model: CellModel.constant
  loss_fn: LogisticLoss
  max_iters: 100000
  mu: 7.373523744804127
  n_cells: 20
  n_partitions: 10
  partitioner: VPartition
  random_state: 0
  verbose: false
test_score: 0.48157288599855697
train_time: 0.30463194847106934
val_score: 0.42630852440273875
