contains_categorical: postprocessed
dummy_loss: 2.1633525431921794
dummy_metadata:
  auc: 0.5
  zo_loss: 0.0600203458799593
metadata:
  n_epochs: 194
  test:
    auc: 0.6449207572088927
    zo_loss: 0.0600203458799593
  val:
    auc: 0.6512903853098869
    zo_loss: 0.05960264900662249
model_name: JOPLEn
params:
  SquaredFNorm_lam: 0.0011277273669390005
  cell_model: CellModel.linear
  loss_fn: LogisticLoss
  max_iters: 100000
  mu: 2.2582672950985514
  n_cells: 29
  n_partitions: 1000
  partitioner: RFPartition
  random_state: 0
  verbose: false
test_score: 0.22104631011416823
train_time: 17.19984006881714
val_score: 0.21767362918084274
