contains_categorical: postprocessed
dummy_loss: 7.20873067782343
dummy_metadata:
  auc: 0.5
  zo_loss: 0.19999999999999996
metadata:
  n_epochs: 105
  test:
    auc: 0.9375
    zo_loss: 0.09999999999999998
  val:
    auc: 0.9600000000000001
    zo_loss: 0.050000000000000044
model_name: JOPLEn
params:
  SquaredFNorm_lam: 3.0184409271313476e-05
  cell_model: CellModel.constant
  loss_fn: LogisticLoss
  max_iters: 100000
  mu: 6.467064661950502
  n_cells: 16
  n_partitions: 47
  partitioner: GBPartition
  random_state: 0
  verbose: false
test_score: 0.35038791992697416
train_time: 0.31752848625183105
val_score: 0.15872061364332002
