contains_categorical: postprocessed
dummy_loss: 16.277778949923878
dummy_metadata:
  auc: 0.5
  zo_loss: 0.4516129032258065
metadata:
  n_epochs: 105
  test:
    auc: 0.773109243697479
    zo_loss: 0.25806451612903225
  val:
    auc: 0.8333333333333333
    zo_loss: 0.24590163934426235
model_name: JOPLEn
params:
  SquaredFNorm_lam: 0.04192837822636414
  cell_model: CellModel.linear
  loss_fn: LogisticLoss
  max_iters: 100000
  mu: 1.0
  n_cells: 13
  n_partitions: 62
  partitioner: VPartition
  random_state: 0
  verbose: false
test_score: 0.5443395705664443
train_time: 0.32175469398498535
val_score: 0.48507278553270544
