contains_categorical: postprocessed
dummy_loss: 10.813096016735146
dummy_metadata:
  auc: 0.5
  zo_loss: 0.30000000000000004
metadata:
  test:
    auc: 1.0
    zo_loss: 0.0
  val:
    auc: 1.0
    zo_loss: 0.0
model_name: LGBMClassifier
params:
  early_stopping_rounds: 33
  learning_rate: 0.6470779000755836
  n_estimators: 634
  num_leaves: 21
  objective: binary
  random_state: 0
  reg_alpha: 0.0014342240636550862
  reg_lambda: 0.05176516236559052
  verbose: -1
test_score: 0.008025629171072805
train_time: 0.01744842529296875
val_score: 0.005758155942432156
