contains_categorical: false
dummy_loss: 18.021826694558577
dummy_metadata:
  auc: 0.5
  zo_loss: 0.5
metadata:
  n_epochs: 126
  test:
    auc: 0.6666666666666666
    zo_loss: 0.16666666666666663
  val:
    auc: 0.8333333333333334
    zo_loss: 0.09090909090909094
model_name: JOPLEn
params:
  SquaredFNorm_lam: 49.682618970947026
  SquaredLaplacian_lam: 0.0020676126185082077
  SquaredLaplacian_laplacian_type: LaplacianType.STANDARD
  SquaredLaplacian_sigma: 0.26978775815225986
  cell_model: CellModel.linear
  loss_fn: LogisticLoss
  max_iters: 100000
  mu: 4.5970120310693545
  n_cells: 3
  n_partitions: 30
  partitioner: RFPartition
  random_state: 0
  verbose: false
test_score: 0.611557431198576
train_time: 0.43094491958618164
val_score: 0.4215074265218497
