contains_categorical: postprocessed
dummy_loss: 16.19352543569032
dummy_metadata:
  auc: 0.5
  zo_loss: 0.4492753623188406
metadata:
  n_epochs: 115
  test:
    auc: 0.8845500848896435
    zo_loss: 0.13043478260869568
  val:
    auc: 0.8618266978922717
    zo_loss: 0.2028985507246377
model_name: JOPLEn
params:
  SquaredFNorm_lam: 0.0005001685737379885
  cell_model: CellModel.constant
  loss_fn: LogisticLoss
  max_iters: 100000
  mu: 2.31592778971948
  n_cells: 19
  n_partitions: 1000
  partitioner: GBPartition
  random_state: 0
  verbose: false
test_score: 0.37684058301952283
train_time: 1.3358814716339111
val_score: 0.4468615998512722
