contains_categorical: postprocessed
dummy_loss: 12.35782401912588
dummy_metadata:
  auc: 0.5
  zo_loss: 0.34285714285714286
metadata:
  test:
    auc: 0.9184782608695652
    zo_loss: 0.12857142857142856
  val:
    auc: 0.9774682971014492
    zo_loss: 0.09285714285714286
model_name: RandomForestClassifier
params:
  ccp_alpha: 0.024642469548462182
  criterion: log_loss
  max_depth: 4
  max_leaf_nodes: 26
  n_estimators: 10
  n_jobs: -1
  random_state: 0
test_score: 0.30648298856583933
train_time: 0.05038285255432129
val_score: 0.17761486674266738
