contains_categorical: false
dummy_loss: 15.769098357738756
dummy_metadata:
  auc: 0.5
  zo_loss: 0.4375
metadata:
  n_epochs: 6642
  test:
    auc: 1.0
    zo_loss: 0.0
  val:
    auc: 1.0
    zo_loss: 0.0
model_name: JOPLEn
params:
  L1Norm_lam: 1.0e-05
  cell_model: CellModel.constant
  loss_fn: LogisticLoss
  max_iters: 100000
  mu: 2.552273630021437
  n_cells: 8
  n_partitions: 1000
  partitioner: LinearForestPartition
  random_state: 0
  verbose: false
test_score: 0.00019801319570165286
train_time: 24.505971908569336
val_score: 3.344724935377912e-05
