contains_categorical: postprocessed
dummy_loss: 15.859207491211547
dummy_metadata:
  auc: 0.5
  zo_loss: 0.43999999999999995
metadata:
  n_epochs: 688
  test:
    auc: 0.6801948051948052
    zo_loss: 0.30000000000000004
  val:
    auc: 0.7418831168831168
    zo_loss: 0.29000000000000004
model_name: JOPLEn
params:
  SquaredFNorm_lam: 0.0014370355189496503
  cell_model: CellModel.linear
  loss_fn: LogisticLoss
  max_iters: 100000
  mu: 1.0e-05
  n_cells: 2
  n_partitions: 1000
  partitioner: GBPartition
  random_state: 0
  verbose: false
test_score: 0.6388059406656491
train_time: 2.474991798400879
val_score: 0.5846031696272758
