contains_categorical: postprocessed
dummy_loss: 12.014551129705717
dummy_metadata:
  auc: 0.5
  zo_loss: 0.33333333333333337
metadata:
  n_epochs: 114
  test:
    auc: 1.0
    zo_loss: 0.0
  val:
    auc: 1.0
    zo_loss: 0.08333333333333337
model_name: JOPLEn
params:
  SquaredFNorm_lam: 0.0047342684400783685
  SquaredLaplacian_lam: 1.0e-05
  SquaredLaplacian_laplacian_type: LaplacianType.LEFT_NORMALIZED
  SquaredLaplacian_sigma: 21.02140300382645
  cell_model: CellModel.linear
  loss_fn: LogisticLoss
  max_iters: 100000
  mu: 8.105169298928034
  n_cells: 2
  n_partitions: 244
  partitioner: RFPartition
  random_state: 0
  verbose: false
test_score: 0.03834100426543461
train_time: 0.517329216003418
val_score: 0.1792973779509155
