contains_categorical: false
dummy_loss: 17.506917360428332
dummy_metadata:
  auc: 0.5
  zo_loss: 0.48571428571428577
metadata:
  n_epochs: 306
  test:
    auc: 0.6470588235294117
    zo_loss: 0.4
  val:
    auc: 0.6126050420168068
    zo_loss: 0.4057971014492754
model_name: JOPLEn
params:
  SquaredFNorm_lam: 1000.0
  cell_model: CellModel.linear
  loss_fn: LogisticLoss
  max_iters: 100000
  mu: 1.0
  n_cells: 2
  n_partitions: 10
  partitioner: VPartition
  random_state: 0
  verbose: false
test_score: 0.6605130825823361
train_time: 0.8381140232086182
val_score: 0.6736132355611093
