contains_categorical: postprocessed
dummy_loss: 18.021826694558577
dummy_metadata:
  auc: 0.5
  zo_loss: 0.5
metadata:
  n_epochs: 1844
  test:
    auc: 1.0
    zo_loss: 0.050000000000000044
  val:
    auc: 1.0
    zo_loss: 0.0
model_name: JOPLEn
params:
  SquaredFNorm_lam: 0.04516675181961987
  SquaredLaplacian_lam: 1.2003591666324823e-05
  SquaredLaplacian_laplacian_type: LaplacianType.NORMALIZED
  SquaredLaplacian_sigma: 0.00022101187148936037
  cell_model: CellModel.linear
  loss_fn: LogisticLoss
  max_iters: 100000
  mu: 1.0
  n_cells: 27
  n_partitions: 397
  partitioner: VPartition
  random_state: 0
  verbose: false
test_score: 0.10055995506270739
train_time: 6.218724012374878
val_score: 0.00043900047354914856
