contains_categorical: postprocessed
dummy_loss: 16.19352543569032
dummy_metadata:
  auc: 0.5
  zo_loss: 0.4492753623188406
metadata:
  n_epochs: 208
  test:
    auc: 0.8947368421052632
    zo_loss: 0.17391304347826086
  val:
    auc: 0.8290398126463701
    zo_loss: 0.24637681159420288
model_name: JOPLEn
params:
  SquaredFNorm_lam: 1.0e-05
  cell_model: CellModel.constant
  loss_fn: LogisticLoss
  max_iters: 100000
  mu: 1.1811389515435498
  n_cells: 2
  n_partitions: 1000
  partitioner: VPartition
  random_state: 0
  verbose: false
test_score: 0.3818626188104063
train_time: 0.9793734550476074
val_score: 0.49506107170418784
