contains_categorical: false
dummy_loss: 1.0046530802114413
dummy_metadata: {}
metadata:
  test: {}
  val: {}
model_name: XGBRegressor
params:
  early_stopping_rounds: 80
  learning_rate: 0.41645696554924744
  max_leaves: 9
  n_estimators: 20
  objective: reg:squarederror
  random_state: 0
  reg_alpha: 0.22337137451974093
  reg_lambda: 0.03554193745849433
  verbosity: 0
test_score: 0.4686634036601541
train_time: 0.34334516525268555
val_score: 0.4021364929855547
