contains_categorical: postprocessed
dummy_loss: 10.813096016735146
dummy_metadata:
  auc: 0.5
  zo_loss: 0.30000000000000004
metadata:
  n_epochs: 103
  test:
    auc: 0.559047619047619
    zo_loss: 0.29000000000000004
  val:
    auc: 0.6485714285714286
    zo_loss: 0.30000000000000004
model_name: JOPLEn
params:
  SquaredFNorm_lam: 0.023159135983777883
  SquaredLaplacian_lam: 0.0010891461285872114
  SquaredLaplacian_laplacian_type: LaplacianType.NORMALIZED
  SquaredLaplacian_sigma: 1.0e-05
  cell_model: CellModel.linear
  loss_fn: LogisticLoss
  max_iters: 100000
  mu: 1.0
  n_cells: 22
  n_partitions: 21
  partitioner: VPartition
  random_state: 0
  verbose: false
test_score: 0.6503661035854009
train_time: 0.36151909828186035
val_score: 0.5789035963009562
