contains_categorical: postprocessed
dummy_loss: 13.01576372384786
dummy_metadata:
  auc: 0.5
  zo_loss: 0.36111111111111116
metadata:
  n_epochs: 163
  test:
    auc: 0.939799331103679
    zo_loss: 0.13888888888888884
  val:
    auc: 0.9848888888888889
    zo_loss: 0.042857142857142816
model_name: JOPLEn
params:
  SquaredFNorm_lam: 6.253789629150379e-05
  cell_model: CellModel.constant
  loss_fn: LogisticLoss
  max_iters: 100000
  mu: 7.1694588457859
  n_cells: 5
  n_partitions: 1000
  partitioner: RFPartition
  random_state: 0
  verbose: false
test_score: 0.4812699574937973
train_time: 1.3093788623809814
val_score: 0.13071601286371182
