contains_categorical: postprocessed
dummy_loss: 16.277778949923878
dummy_metadata:
  auc: 0.5
  zo_loss: 0.4516129032258065
metadata:
  n_epochs: 120
  test:
    auc: 0.8508403361344538
    zo_loss: 0.25806451612903225
  val:
    auc: 0.8295454545454546
    zo_loss: 0.2786885245901639
model_name: JOPLEn
params:
  SquaredFNorm_lam: 0.010438771763431949
  SquaredLaplacian_lam: 2.146540938799364e-05
  SquaredLaplacian_laplacian_type: LaplacianType.LEFT_NORMALIZED
  SquaredLaplacian_sigma: 0.9017857672303909
  cell_model: CellModel.constant
  loss_fn: LogisticLoss
  max_iters: 100000
  mu: 9.17671514246856
  n_cells: 3
  n_partitions: 89
  partitioner: GBPartition
  random_state: 0
  verbose: false
test_score: 0.4731151672087599
train_time: 0.42088961601257324
val_score: 0.5083391712212002
