contains_categorical: false
dummy_loss: 1.0826345012027936
dummy_metadata: {}
metadata:
  test: {}
  val: {}
model_name: MultiTaskTrees
params:
  alpha: 0.15943607153309247
  batch_size: 32
  depth: 4
  epochs: 10000
  learning_rate: 0.0026771370709983617
  loss_criteria: mse
  num_tasks: 1
  num_trees: 82
  power: 3.170754417929194
test_score: 0.25932428899367205
train_time: 16.809965133666992
val_score: 0.25923305859351414
