contains_categorical: postprocessed
dummy_loss: 15.859207491211547
dummy_metadata:
  auc: 0.5
  zo_loss: 0.43999999999999995
metadata:
  n_epochs: 166
  test:
    auc: 0.6996753246753246
    zo_loss: 0.30000000000000004
  val:
    auc: 0.7451298701298701
    zo_loss: 0.29000000000000004
model_name: JOPLEn
params:
  SquaredFNorm_lam: 0.11155156526997936
  cell_model: CellModel.linear
  loss_fn: LogisticLoss
  max_iters: 100000
  mu: 1.0
  n_cells: 2
  n_partitions: 10
  partitioner: VPartition
  random_state: 0
  verbose: false
test_score: 0.6204237624161703
train_time: 0.46896910667419434
val_score: 0.5801784239790753
