contains_categorical: false
dummy_loss: 12.638683655924195
dummy_metadata:
  auc: 0.5
  zo_loss: 0.35064935064935066
metadata:
  n_epochs: 165
  test:
    auc: 0.8577777777777778
    zo_loss: 0.22077922077922074
  val:
    auc: 0.840925925925926
    zo_loss: 0.2597402597402597
model_name: JOPLEn
params:
  Group21Norm_lam: 1000.0
  SquaredFNorm_lam: 0.15031620920200284
  cell_model: CellModel.linear
  loss_fn: LogisticLoss
  max_iters: 100000
  n_cells: 32
  n_partitions: 437
  partitioner: LinearForestPartition
  random_state: 0
  verbose: false
test_score: 0.44996664828337146
train_time: 1.4676156044006348
val_score: 0.4622238302305639
