contains_categorical: false
dummy_loss: 18.021826694558577
dummy_metadata:
  auc: 0.5
  zo_loss: 0.5
metadata:
  n_epochs: 265
  test:
    auc: 0.6666666666666666
    zo_loss: 0.33333333333333337
  val:
    auc: 0.8333333333333334
    zo_loss: 0.09090909090909094
model_name: JOPLEn
params:
  Group21Norm_lam: 54.14498582982156
  SquaredFNorm_lam: 0.7490072869483558
  cell_model: CellModel.linear
  loss_fn: LogisticLoss
  max_iters: 100000
  n_cells: 32
  n_partitions: 65
  partitioner: LinearForestPartition
  random_state: 0
  verbose: false
test_score: 0.7316938449874072
train_time: 0.9369816780090332
val_score: 0.3890906596796349
