contains_categorical: postprocessed
dummy_loss: 10.813096016735146
dummy_metadata:
  auc: 0.5
  zo_loss: 0.30000000000000004
metadata:
  n_epochs: 113
  test:
    auc: 0.5933333333333333
    zo_loss: 0.32999999999999996
  val:
    auc: 0.6651190476190476
    zo_loss: 0.29000000000000004
model_name: JOPLEn
params:
  Group21Norm_lam: 145.43118738550388
  cell_model: CellModel.linear
  loss_fn: LogisticLoss
  max_iters: 100000
  mu: 4.197698294400588
  n_cells: 23
  n_partitions: 1000
  partitioner: RFPartition
  random_state: 0
  verbose: false
test_score: 0.637057606851127
train_time: 1.8958165645599365
val_score: 0.5765192249211555
