contains_categorical: postprocessed
dummy_loss: 16.19352543569032
dummy_metadata:
  auc: 0.5
  zo_loss: 0.4492753623188406
metadata:
  n_epochs: 520
  test:
    auc: 0.8191850594227503
    zo_loss: 0.24637681159420288
  val:
    auc: 0.9037683627847563
    zo_loss: 0.15217391304347827
model_name: JOPLEn
params:
  SquaredFNorm_lam: 1000.0
  cell_model: CellModel.linear
  loss_fn: LogisticLoss
  max_iters: 100000
  mu: 7.373974655266132
  n_cells: 19
  n_partitions: 40
  partitioner: RFPartition
  random_state: 0
  verbose: false
test_score: 0.5417645977929928
train_time: 1.4227795600891113
val_score: 0.35858329983874737
