contains_categorical: postprocessed
dummy_loss: 5.118198781254636
dummy_metadata:
  auc: 0.5
  zo_loss: 0.14200000000000002
metadata:
  n_epochs: 114
  test:
    auc: 0.7397156833776553
    zo_loss: 0.09999999999999998
  val:
    auc: 0.7290829737638248
    zo_loss: 0.10610610610610616
model_name: JOPLEn
params:
  GroupInf1Norm_lam: 0.009811600899276645
  cell_model: CellModel.linear
  loss_fn: LogisticLoss
  max_iters: 100000
  mu: 1.0
  n_cells: 32
  n_partitions: 1000
  partitioner: VPartition
  random_state: 0
  verbose: false
test_score: 0.32566854241866955
train_time: 7.083106994628906
val_score: 0.32802601365986517
