contains_categorical: postprocessed
dummy_loss: 2.1633525431921794
dummy_metadata:
  auc: 0.5
  zo_loss: 0.0600203458799593
metadata:
  n_epochs: 151
  test:
    auc: 0.6200473255558002
    zo_loss: 0.0600203458799593
  val:
    auc: 0.6358076135974294
    zo_loss: 0.05960264900662249
model_name: JOPLEn
params:
  Group21Norm_lam: 75.02029625726865
  cell_model: CellModel.linear
  loss_fn: LogisticLoss
  max_iters: 100000
  mu: 8.42551351162836
  n_cells: 26
  n_partitions: 94
  partitioner: RFPartition
  random_state: 0
  verbose: false
test_score: 0.22192364497973766
train_time: 1.576192855834961
val_score: 0.2177927165404961
