contains_categorical: postprocessed
dummy_loss: 10.813096016735146
dummy_metadata:
  auc: 0.5
  zo_loss: 0.30000000000000004
metadata:
  test:
    auc: 0.5876190476190475
    zo_loss: 0.31999999999999995
  val:
    auc: 0.6357142857142857
    zo_loss: 0.30500000000000005
model_name: GradientBoostingClassifier
params:
  ccp_alpha: 0.0005098157812796543
  criterion: friedman_mse
  learning_rate: 0.19303539247015417
  loss: log_loss
  max_depth: 1
  max_leaf_nodes: 22
  n_estimators: 82
  random_state: 0
test_score: 0.6195544398090882
train_time: 0.03240227699279785
val_score: 0.5877637736975236
