contains_categorical: false
dummy_loss: 10.593236393474356
dummy_metadata:
  auc: 0.5
  zo_loss: 0.2939001848428835
metadata:
  n_epochs: 5989
  test:
    auc: 0.945816457571866
    zo_loss: 0.12754158964879847
  val:
    auc: 0.9312029966387041
    zo_loss: 0.12777777777777777
model_name: JOPLEn
params:
  L1Norm_lam: 3.751626121452387e-05
  cell_model: CellModel.constant
  loss_fn: LogisticLoss
  max_iters: 100000
  mu: 1.0e-05
  n_cells: 17
  n_partitions: 1000
  partitioner: VPartition
  random_state: 0
  verbose: false
test_score: 0.2719880548323019
train_time: 106.65491819381714
val_score: 0.3089880596230069
