contains_categorical: postprocessed
dummy_loss: 1.7055356493273102
dummy_metadata:
  auc: 0.5
  zo_loss: 0.04731861198738174
metadata:
  n_epochs: 210
  test:
    auc: 0.9944812362030905
    zo_loss: 0.018927444794952675
  val:
    auc: 0.9794019933554816
    zo_loss: 0.017405063291139222
model_name: JOPLEn
params:
  SquaredFNorm_lam: 63.53203171480813
  cell_model: CellModel.linear
  loss_fn: LogisticLoss
  max_iters: 100000
  mu: 5.4805017848457895
  n_cells: 27
  n_partitions: 91
  partitioner: RFPartition
  random_state: 0
  verbose: false
test_score: 0.045197357772958364
train_time: 0.8456552028656006
val_score: 0.06819402352955703
