contains_categorical: postprocessed
dummy_loss: 12.270179877146266
dummy_metadata:
  auc: 0.5
  zo_loss: 0.34042553191489366
metadata:
  n_epochs: 109
  test:
    auc: 0.7379032258064516
    zo_loss: 0.2978723404255319
  val:
    auc: 0.754610655737705
    zo_loss: 0.31182795698924726
model_name: JOPLEn
params:
  GroupInf1Norm_lam: 1000.0
  cell_model: CellModel.linear
  loss_fn: LogisticLoss
  max_iters: 100000
  mu: 8.87198301735491
  n_cells: 16
  n_partitions: 136
  partitioner: VPartition
  random_state: 0
  verbose: false
test_score: 0.5666828083095129
train_time: 0.4076721668243408
val_score: 0.5484603367351114
