contains_categorical: postprocessed
dummy_loss: 16.19352543569032
dummy_metadata:
  auc: 0.5
  zo_loss: 0.4492753623188406
metadata:
  n_epochs: 107
  test:
    auc: 0.8268251273344651
    zo_loss: 0.23188405797101452
  val:
    auc: 0.8986587183308495
    zo_loss: 0.1159420289855072
model_name: JOPLEn
params:
  Group21Norm_lam: 725.9824642573134
  cell_model: CellModel.linear
  loss_fn: LogisticLoss
  max_iters: 100000
  mu: 2.6928872662819274
  n_cells: 14
  n_partitions: 10
  partitioner: RFPartition
  random_state: 0
  verbose: false
test_score: 0.49769968679747056
train_time: 0.3487684726715088
val_score: 0.3610780486074327
