contains_categorical: postprocessed
dummy_loss: 16.19352543569032
dummy_metadata:
  auc: 0.5
  zo_loss: 0.4492753623188406
metadata:
  n_epochs: 113
  test:
    auc: 0.8718166383701188
    zo_loss: 0.17391304347826086
  val:
    auc: 0.864381520119225
    zo_loss: 0.18840579710144922
model_name: JOPLEn
params:
  SquaredFNorm_lam: 0.00027843948971109444
  SquaredLaplacian_lam: 2.6121286978212664e-05
  SquaredLaplacian_laplacian_type: LaplacianType.NORMALIZED
  SquaredLaplacian_sigma: 24.393513483165567
  cell_model: CellModel.constant
  loss_fn: LogisticLoss
  max_iters: 100000
  mu: 6.498278949710986
  n_cells: 8
  n_partitions: 215
  partitioner: LinearForestPartition
  random_state: 0
  verbose: false
test_score: 0.43386698245939054
train_time: 0.6060664653778076
val_score: 0.4506609958732688
