contains_categorical: postprocessed
dummy_loss: 15.859207491211547
dummy_metadata:
  auc: 0.5
  zo_loss: 0.43999999999999995
metadata:
  n_epochs: 114
  test:
    auc: 0.6704545454545454
    zo_loss: 0.30000000000000004
  val:
    auc: 0.7467532467532468
    zo_loss: 0.31000000000000005
model_name: JOPLEn
params:
  SquaredFNorm_lam: 0.004280803901935517
  SquaredLaplacian_lam: 0.00029220754037634616
  SquaredLaplacian_laplacian_type: LaplacianType.NORMALIZED
  SquaredLaplacian_sigma: 4.853591669091258
  cell_model: CellModel.linear
  loss_fn: LogisticLoss
  max_iters: 100000
  mu: 6.361035718335103
  n_cells: 17
  n_partitions: 108
  partitioner: GBPartition
  random_state: 0
  verbose: false
test_score: 0.6390217653888176
train_time: 0.49621152877807617
val_score: 0.5864623563251885
