contains_categorical: postprocessed
dummy_loss: 12.191235705142565
dummy_metadata:
  auc: 0.5
  zo_loss: 0.3382352941176471
metadata:
  n_epochs: 128
  test:
    auc: 0.6154589371980677
    zo_loss: 0.3529411764705882
  val:
    auc: 0.645679012345679
    zo_loss: 0.3555555555555555
model_name: JOPLEn
params:
  SquaredFNorm_lam: 0.0026142846121568974
  cell_model: CellModel.constant
  loss_fn: LogisticLoss
  max_iters: 100000
  mu: 3.7324544802198694
  n_cells: 2
  n_partitions: 193
  partitioner: LinearForestPartition
  random_state: 0
  verbose: false
test_score: 0.6248814985236286
train_time: 0.4912245273590088
val_score: 0.6126089332759349
