contains_categorical: false
dummy_loss: 10.593236393474356
dummy_metadata:
  auc: 0.5
  zo_loss: 0.2939001848428835
metadata:
  n_epochs: 173
  test:
    auc: 0.9450920346405876
    zo_loss: 0.12754158964879847
  val:
    auc: 0.9265145470105965
    zo_loss: 0.13240740740740742
model_name: JOPLEn
params:
  SquaredFNorm_lam: 6.348146567850337e-05
  SquaredLaplacian_lam: 0.00010280860810265964
  SquaredLaplacian_laplacian_type: LaplacianType.LEFT_NORMALIZED
  SquaredLaplacian_sigma: 0.07621517755593654
  cell_model: CellModel.constant
  loss_fn: LogisticLoss
  max_iters: 100000
  mu: 8.120706466631308
  n_cells: 13
  n_partitions: 704
  partitioner: VPartition
  random_state: 0
  verbose: false
test_score: 0.27490399307177915
train_time: 3.3809075355529785
val_score: 0.31806679200676446
