contains_categorical: postprocessed
dummy_loss: 11.15636890615531
dummy_metadata:
  auc: 0.5
  zo_loss: 0.30952380952380953
metadata:
  n_epochs: 37
  test:
    auc: 0.6358090185676393
    zo_loss: 0.28095238095238095
  val:
    auc: 0.6309006329596584
    zo_loss: 0.27380952380952384
model_name: JOPLEn
params:
  Group21Norm_lam: 1.0e-05
  cell_model: CellModel.linear
  loss_fn: LogisticLoss
  max_iters: 100000
  mu: 1.0
  n_cells: 2
  n_partitions: 1000
  partitioner: VPartition
  random_state: 0
  verbose: false
test_score: 0.5867746764857936
train_time: 0.6216833591461182
val_score: 0.584578193186718
