contains_categorical: postprocessed
dummy_loss: 13.21600624267629
dummy_metadata:
  auc: 0.5
  zo_loss: 0.3666666666666667
metadata:
  n_epochs: 115
  test:
    auc: 0.8421052631578948
    zo_loss: 0.16666666666666663
  val:
    auc: 0.8245614035087719
    zo_loss: 0.1694915254237288
model_name: JOPLEn
params:
  SquaredFNorm_lam: 122.03816800973193
  cell_model: CellModel.linear
  loss_fn: LogisticLoss
  max_iters: 100000
  mu: 10.0
  n_cells: 2
  n_partitions: 1000
  partitioner: RFPartition
  random_state: 0
  verbose: false
test_score: 0.43249349948532756
train_time: 1.0094680786132812
val_score: 0.439467781844643
