contains_categorical: postprocessed
dummy_loss: 21.626192033470293
dummy_metadata:
  auc: 0.5
  zo_loss: 0.6
metadata:
  n_epochs: 114
  test:
    auc: 0.41666666666666663
    zo_loss: 0.6
  val:
    auc: 0.6799999999999999
    zo_loss: 0.4
model_name: JOPLEn
params:
  SquaredFNorm_lam: 1000.0
  cell_model: CellModel.constant
  loss_fn: LogisticLoss
  max_iters: 100000
  mu: 5.668530850896635
  n_cells: 2
  n_partitions: 1000
  partitioner: GBPartition
  random_state: 0
  verbose: false
test_score: 0.6934301015582738
train_time: 0.5728368759155273
val_score: 0.6912651647263482
