contains_categorical: postprocessed
dummy_loss: 13.14091529811563
dummy_metadata:
  auc: 0.5
  zo_loss: 0.36458333333333337
metadata:
  n_epochs: 152
  test:
    auc: 0.9840749414519907
    zo_loss: 0.07291666666666663
  val:
    auc: 0.9866855190291033
    zo_loss: 0.05208333333333337
model_name: JOPLEn
params:
  GroupInf1Norm_lam: 1000.0
  cell_model: CellModel.linear
  loss_fn: LogisticLoss
  max_iters: 100000
  mu: 7.0564490747729876
  n_cells: 6
  n_partitions: 212
  partitioner: RFPartition
  random_state: 0
  verbose: false
test_score: 0.17111854692897277
train_time: 0.6816353797912598
val_score: 0.14193247505248202
