contains_categorical: postprocessed
dummy_loss: 10.813096016735146
dummy_metadata:
  auc: 0.5
  zo_loss: 0.30000000000000004
metadata:
  test:
    auc: 0.9523809523809524
    zo_loss: 0.19999999999999996
  val:
    auc: 1.0
    zo_loss: 0.0
model_name: NN
params:
  activation: relu
  alpha: 1.878125703083152e-05
  batch_size: 512
  epochs: 10000
  hidden_layer_size: 23
  learning_rate: 0.04451229977232292
  n_hidden_layers: 2
  patience: 100
test_score: 1.171465223085358
train_time: 42.68452191352844
val_score: 2.724428864457532e-05
