contains_categorical: postprocessed
dummy_loss: 10.813096016735146
dummy_metadata:
  auc: 0.5
  zo_loss: 0.30000000000000004
metadata:
  test:
    auc: 0.5652380952380952
    zo_loss: 0.33999999999999997
  val:
    auc: 0.6780952380952381
    zo_loss: 0.30500000000000005
model_name: LinearForestClassifier
params:
  ccp_alpha: 0.0021061480489480322
  max_depth: 5
  max_leaf_nodes: 32
  n_estimators: 19
  random_state: 0
test_score: 1.0744277665216175
train_time: 0.04078960418701172
val_score: 0.8431054486166174
