contains_categorical: postprocessed
dummy_loss: 11.185961396622565
dummy_metadata:
  auc: 0.5
  zo_loss: 0.31034482758620685
metadata:
  test:
    auc: 0.5611111111111111
    zo_loss: 0.31034482758620685
  val:
    auc: 0.5193687230989957
    zo_loss: 0.2931034482758621
model_name: XGBClassifier
params:
  early_stopping_rounds: 1
  learning_rate: 0.6997657737791735
  max_leaves: 21
  n_estimators: 12
  objective: reg:logistic
  random_state: 0
  reg_alpha: 1.469577260483045
  reg_lambda: 3.142566835748153
  verbosity: 0
test_score: 0.6043479547303641
train_time: 0.5179183483123779
val_score: 0.603356569380425
