contains_categorical: postprocessed
dummy_loss: 0.5721214823669392
dummy_metadata:
  auc: 0.5
  zo_loss: 0.015873015873015928
metadata:
  n_epochs: 171
  test:
    auc: 0.9807347670250897
    zo_loss: 0.015873015873015928
  val:
    auc: 0.905604222821204
    zo_loss: 0.010610079575596787
model_name: JOPLEn
params:
  L1Norm_lam: 0.0005515667070642734
  cell_model: CellModel.constant
  loss_fn: LogisticLoss
  max_iters: 100000
  mu: 6.981041430876739
  n_cells: 8
  n_partitions: 1000
  partitioner: LinearForestPartition
  random_state: 0
  verbose: false
test_score: 0.04696036374018562
train_time: 3.922356128692627
val_score: 0.04314655748074123
