contains_categorical: false
dummy_loss: 17.826996135698483
dummy_metadata:
  auc: 0.5
  zo_loss: 0.49459459459459465
metadata:
  n_epochs: 297
  test:
    auc: 0.9969901522456972
    zo_loss: 0.025675675675675635
  val:
    auc: 0.9947001119231023
    zo_loss: 0.03380662609871532
model_name: JOPLEn
params:
  SquaredFNorm_lam: 0.0006702835177871264
  SquaredLaplacian_lam: 6.440685773724955e-05
  SquaredLaplacian_laplacian_type: LaplacianType.LEFT_NORMALIZED
  SquaredLaplacian_sigma: 2.4825290443409824
  cell_model: CellModel.constant
  loss_fn: LogisticLoss
  max_iters: 100000
  mu: 7.614649523690705
  n_cells: 3
  n_partitions: 295
  partitioner: GBPartition
  random_state: 0
  verbose: false
test_score: 0.06884151623223073
train_time: 9.265857458114624
val_score: 0.09113404900537005
