contains_categorical: postprocessed
dummy_loss: 12.35782401912588
dummy_metadata:
  auc: 0.5
  zo_loss: 0.34285714285714286
metadata:
  n_epochs: 114
  test:
    auc: 0.9144021739130436
    zo_loss: 0.09999999999999998
  val:
    auc: 0.9757699275362318
    zo_loss: 0.05714285714285716
model_name: JOPLEn
params:
  SquaredFNorm_lam: 0.0005317230448902787
  SquaredLaplacian_lam: 0.0002414177893519497
  SquaredLaplacian_laplacian_type: LaplacianType.LEFT_NORMALIZED
  SquaredLaplacian_sigma: 8.788066662648774
  cell_model: CellModel.constant
  loss_fn: LogisticLoss
  max_iters: 100000
  mu: 9.03343956081115
  n_cells: 7
  n_partitions: 199
  partitioner: VPartition
  random_state: 0
  verbose: false
test_score: 0.3309983644115742
train_time: 0.4690217971801758
val_score: 0.1686118851278796
