contains_categorical: false
dummy_loss: 6.553391525294028
dummy_metadata:
  auc: 0.5
  zo_loss: 0.18181818181818177
metadata:
  n_epochs: 644
  test:
    auc: 0.4722222222222222
    zo_loss: 0.2727272727272727
  val:
    auc: 1.0
    zo_loss: 0.0
model_name: JOPLEn
params:
  SquaredFNorm_lam: 0.00010758882626159597
  SquaredLaplacian_lam: 6.242497580713808e-05
  SquaredLaplacian_laplacian_type: LaplacianType.NORMALIZED
  SquaredLaplacian_sigma: 89.86750177568412
  cell_model: CellModel.constant
  loss_fn: LogisticLoss
  max_iters: 100000
  mu: 4.78126994631184
  n_cells: 4
  n_partitions: 47
  partitioner: LinearForestPartition
  random_state: 0
  verbose: false
test_score: 2.086090977965126
train_time: 2.012720823287964
val_score: 0.016499463420842006
