contains_categorical: postprocessed
dummy_loss: 13.63813912020649
dummy_metadata:
  auc: 0.5
  zo_loss: 0.3783783783783784
metadata:
  n_epochs: 1594
  test:
    auc: 0.7267080745341614
    zo_loss: 0.2702702702702703
  val:
    auc: 0.6670606776989756
    zo_loss: 0.3783783783783784
model_name: JOPLEn
params:
  SquaredFNorm_lam: 1.0300422530539069e-05
  cell_model: CellModel.constant
  loss_fn: LogisticLoss
  max_iters: 100000
  mu: 1.0e-05
  n_cells: 32
  n_partitions: 16
  partitioner: LinearForestPartition
  random_state: 0
  verbose: false
test_score: 0.5849426862925696
train_time: 4.257810354232788
val_score: 0.6175941691793015
