contains_categorical: postprocessed
dummy_loss: 0.7506467600685993
dummy_metadata: {}
metadata:
  test: {}
  val: {}
model_name: MultiTaskTrees
params:
  alpha: 0.005690929858464217
  batch_size: 256
  depth: 3
  epochs: 10000
  learning_rate: 0.008932219412116566
  loss_criteria: mse
  num_tasks: 1
  num_trees: 403
  power: 0.023795151986818596
test_score: 1.186662748210894
train_time: 3.9148285388946533
val_score: 1.2187092760670182
