contains_categorical: false
dummy_loss: 12.638683655924195
dummy_metadata:
  auc: 0.5
  zo_loss: 0.35064935064935066
metadata:
  n_epochs: 771
  test:
    auc: 0.8074074074074075
    zo_loss: 0.22077922077922074
  val:
    auc: 0.8262962962962963
    zo_loss: 0.24675324675324672
model_name: JOPLEn
params:
  L1Norm_lam: 9.482344836307304e-05
  cell_model: CellModel.constant
  loss_fn: LogisticLoss
  max_iters: 100000
  mu: 1.0e-05
  n_cells: 12
  n_partitions: 731
  partitioner: VPartition
  random_state: 0
  verbose: false
test_score: 0.510773770540749
train_time: 2.455763578414917
val_score: 0.48268687547645023
