contains_categorical: postprocessed
dummy_loss: 13.63813912020649
dummy_metadata:
  auc: 0.5
  zo_loss: 0.3783783783783784
metadata:
  n_epochs: 136
  test:
    auc: 0.8074534161490683
    zo_loss: 0.2432432432432432
  val:
    auc: 0.6903073286052009
    zo_loss: 0.32432432432432434
model_name: JOPLEn
params:
  SquaredFNorm_lam: 0.001200591185729968
  SquaredLaplacian_lam: 7.250910683838525e-05
  SquaredLaplacian_laplacian_type: LaplacianType.LEFT_NORMALIZED
  SquaredLaplacian_sigma: 3.0437731270094255
  cell_model: CellModel.constant
  loss_fn: LogisticLoss
  max_iters: 100000
  mu: 8.165413789873671
  n_cells: 2
  n_partitions: 422
  partitioner: GBPartition
  random_state: 0
  verbose: false
test_score: 0.5028637231249624
train_time: 0.6379978656768799
val_score: 0.613759379182427
