contains_categorical: postprocessed
dummy_loss: 16.277778949923878
dummy_metadata:
  auc: 0.5
  zo_loss: 0.4516129032258065
metadata:
  test:
    auc: 0.819327731092437
    zo_loss: 0.32258064516129037
  val:
    auc: 0.7900432900432901
    zo_loss: 0.2622950819672131
model_name: ExtraTreesClassifier
params:
  criterion: log_loss
  max_depth: 5
  max_features: 1
  max_leaf_nodes: 22
  n_estimators: 1000
  random_state: 0
test_score: 0.5694171642901437
train_time: 0.468944787979126
val_score: 0.5887295845033491
