contains_categorical: postprocessed
dummy_loss: 1.7055356493273102
dummy_metadata:
  auc: 0.5
  zo_loss: 0.04731861198738174
metadata:
  n_epochs: 140
  test:
    auc: 0.9920529801324502
    zo_loss: 0.025236593059936863
  val:
    auc: 0.9726467331118493
    zo_loss: 0.026898734177215222
model_name: JOPLEn
params:
  SquaredFNorm_lam: 0.3623265660051073
  SquaredLaplacian_lam: 1.4157818271112877e-05
  SquaredLaplacian_laplacian_type: LaplacianType.NORMALIZED
  SquaredLaplacian_sigma: 0.0003331955810223506
  cell_model: CellModel.linear
  loss_fn: LogisticLoss
  max_iters: 100000
  mu: 1.1669590834823054
  n_cells: 16
  n_partitions: 463
  partitioner: LinearForestPartition
  random_state: 0
  verbose: false
test_score: 0.06024315051238482
train_time: 2.4591684341430664
val_score: 0.07551232262509151
