contains_categorical: false
dummy_loss: 21.626192033470293
dummy_metadata:
  auc: 0.5
  zo_loss: 0.6
metadata:
  n_epochs: 126
  test:
    auc: 1.0
    zo_loss: 0.0
  val:
    auc: 0.8
    zo_loss: 0.09999999999999998
model_name: JOPLEn
params:
  SquaredFNorm_lam: 15.079959134096573
  SquaredLaplacian_lam: 0.010302610653910744
  SquaredLaplacian_laplacian_type: LaplacianType.STANDARD
  SquaredLaplacian_sigma: 0.1733282552791082
  cell_model: CellModel.linear
  loss_fn: LogisticLoss
  max_iters: 100000
  mu: 5.250733012843625
  n_cells: 2
  n_partitions: 15
  partitioner: RFPartition
  random_state: 0
  verbose: false
test_score: 0.11355882374023533
train_time: 0.47417783737182617
val_score: 0.4817770882644973
