contains_categorical: false
dummy_loss: 12.638683655924195
dummy_metadata:
  auc: 0.5
  zo_loss: 0.35064935064935066
metadata:
  test:
    auc: 0.8703703703703705
    zo_loss: 0.23376623376623373
  val:
    auc: 0.8441666666666666
    zo_loss: 0.2272727272727273
model_name: GradientBoostingClassifier
params:
  ccp_alpha: 0.0006598797872814427
  criterion: friedman_mse
  learning_rate: 0.16796433524055268
  loss: log_loss
  max_depth: 1
  max_leaf_nodes: 26
  n_estimators: 66
  random_state: 0
test_score: 0.4511279461768357
train_time: 0.029426097869873047
val_score: 0.46249753773802116
