contains_categorical: postprocessed
dummy_loss: 16.277778949923874
dummy_metadata:
  auc: 0.5
  zo_loss: 0.4516129032258065
metadata:
  n_epochs: 118
  test:
    auc: 0.7310924369747899
    zo_loss: 0.32258064516129037
  val:
    auc: 0.7922077922077922
    zo_loss: 0.24590163934426235
model_name: JOPLEn
params:
  Group21Norm_lam: 54.57885739596239
  cell_model: CellModel.linear
  loss_fn: LogisticLoss
  max_iters: 100000
  mu: 1.0
  n_cells: 2
  n_partitions: 360
  partitioner: VPartition
  random_state: 0
  verbose: false
test_score: 0.620417525093066
train_time: 0.4620978832244873
val_score: 0.5510942866927285
