contains_categorical: postprocessed
dummy_loss: 12.191235705142565
dummy_metadata:
  auc: 0.5
  zo_loss: 0.3382352941176471
metadata:
  test:
    auc: 0.5922705314009661
    zo_loss: 0.3382352941176471
  val:
    auc: 0.6733333333333333
    zo_loss: 0.33333333333333337
model_name: ExtraTreesClassifier
params:
  criterion: log_loss
  max_depth: 5
  max_features: 1
  max_leaf_nodes: 30
  n_estimators: 926
  random_state: 0
test_score: 0.6302606415537632
train_time: 0.4489574432373047
val_score: 0.6180386510137633
