contains_categorical: false
dummy_loss: 17.826996135698483
dummy_metadata:
  auc: 0.5
  zo_loss: 0.49459459459459465
metadata:
  n_epochs: 681
  test:
    auc: 0.995938166622834
    zo_loss: 0.032432432432432434
  val:
    auc: 0.9972769036071426
    zo_loss: 0.026369168356997985
model_name: JOPLEn
params:
  SquaredFNorm_lam: 1000.0
  cell_model: CellModel.linear
  loss_fn: LogisticLoss
  max_iters: 100000
  mu: 1.0
  n_cells: 28
  n_partitions: 1000
  partitioner: VPartition
  random_state: 0
  verbose: false
test_score: 0.08271591573766936
train_time: 30.97640061378479
val_score: 0.06739338897230941
