contains_categorical: false
dummy_loss: 16.019401506274292
dummy_metadata:
  auc: 0.5
  zo_loss: 0.4444444444444444
metadata:
  n_epochs: 123
  test:
    auc: 0.55
    zo_loss: 0.33333333333333337
  val:
    auc: 0.948051948051948
    zo_loss: 0.2222222222222222
model_name: JOPLEn
params:
  GroupInf1Norm_lam: 160.68694600856236
  cell_model: CellModel.linear
  loss_fn: LogisticLoss
  max_iters: 100000
  mu: 3.1817371207608187
  n_cells: 8
  n_partitions: 10
  partitioner: VPartition
  random_state: 0
  verbose: false
test_score: 0.799444616307521
train_time: 0.568206787109375
val_score: 0.40337181898265895
