contains_categorical: postprocessed
dummy_loss: 13.730915576806535
dummy_metadata:
  auc: 0.5
  zo_loss: 0.38095238095238093
metadata:
  n_epochs: 1002
  test:
    auc: 0.9423076923076923
    zo_loss: 0.09523809523809523
  val:
    auc: 1.0
    zo_loss: 0.0
model_name: JOPLEn
params:
  SquaredFNorm_lam: 23.61450861324008
  SquaredLaplacian_lam: 8.888761855311294e-05
  SquaredLaplacian_laplacian_type: LaplacianType.STANDARD
  SquaredLaplacian_sigma: 17.620144516713587
  cell_model: CellModel.linear
  loss_fn: LogisticLoss
  max_iters: 100000
  mu: 6.964298204235678
  n_cells: 16
  n_partitions: 49
  partitioner: RFPartition
  random_state: 0
  verbose: false
test_score: 0.43615248505311205
train_time: 3.2465176582336426
val_score: 0.02577760840879806
