contains_categorical: postprocessed
dummy_loss: 16.193525435690322
dummy_metadata:
  auc: 0.5
  zo_loss: 0.4492753623188406
metadata:
  n_epochs: 114
  test:
    auc: 0.8675721561969439
    zo_loss: 0.23188405797101452
  val:
    auc: 0.8215882478177561
    zo_loss: 0.2246376811594203
model_name: JOPLEn
params:
  SquaredFNorm_lam: 0.12155358992251242
  SquaredLaplacian_lam: 0.0002499947327422894
  SquaredLaplacian_laplacian_type: LaplacianType.NORMALIZED
  SquaredLaplacian_sigma: 69.93040452562504
  cell_model: CellModel.constant
  loss_fn: LogisticLoss
  max_iters: 100000
  mu: 7.590113750233417
  n_cells: 4
  n_partitions: 102
  partitioner: LinearForestPartition
  random_state: 0
  verbose: false
test_score: 0.46606057494818093
train_time: 0.4880690574645996
val_score: 0.5074789875935259
