contains_categorical: postprocessed
dummy_loss: 12.270179877146266
dummy_metadata:
  auc: 0.5
  zo_loss: 0.34042553191489366
metadata:
  n_epochs: 179
  test:
    auc: 0.7620967741935484
    zo_loss: 0.23404255319148937
  val:
    auc: 0.7658811475409837
    zo_loss: 0.26881720430107525
model_name: JOPLEn
params:
  Group21Norm_lam: 0.03037058810444759
  SquaredFNorm_lam: 1000.0
  cell_model: CellModel.linear
  loss_fn: LogisticLoss
  max_iters: 100000
  n_cells: 2
  n_partitions: 797
  partitioner: LinearForestPartition
  random_state: 0
  verbose: false
test_score: 0.5468435188001164
train_time: 1.377030372619629
val_score: 0.5492643150301483
