contains_categorical: false
dummy_loss: 6.553391525294028
dummy_metadata:
  auc: 0.5
  zo_loss: 0.18181818181818177
metadata:
  test:
    auc: 0.7222222222222223
    zo_loss: 0.2727272727272727
  val:
    auc: 0.986111111111111
    zo_loss: 0.045454545454545414
model_name: GradientBoostingClassifier
params:
  ccp_alpha: 1.0e-05
  criterion: squared_error
  learning_rate: 0.2984726683270388
  loss: log_loss
  max_depth: 2
  max_leaf_nodes: 9
  n_estimators: 354
  random_state: 0
test_score: 1.142340023792656
train_time: 0.11089658737182617
val_score: 0.09782564109083332
