contains_categorical: postprocessed
dummy_loss: 13.01576372384786
dummy_metadata:
  auc: 0.5
  zo_loss: 0.36111111111111116
metadata:
  n_epochs: 134
  test:
    auc: 0.8929765886287626
    zo_loss: 0.13888888888888884
  val:
    auc: 0.9955555555555555
    zo_loss: 0.014285714285714235
model_name: JOPLEn
params:
  SquaredFNorm_lam: 0.04195212230656665
  SquaredLaplacian_lam: 0.000372553360936672
  SquaredLaplacian_laplacian_type: LaplacianType.STANDARD
  SquaredLaplacian_sigma: 0.0036156346640516743
  cell_model: CellModel.linear
  loss_fn: LogisticLoss
  max_iters: 100000
  mu: 7.030531742930648
  n_cells: 8
  n_partitions: 22
  partitioner: LinearForestPartition
  random_state: 0
  verbose: false
test_score: 0.8288699281479026
train_time: 0.4585244655609131
val_score: 0.054082174018046096
