contains_categorical: false
dummy_loss: 10.2981866826049
dummy_metadata:
  auc: 0.5
  zo_loss: 0.2857142857142857
metadata:
  n_epochs: 128
  test:
    auc: 0.84
    zo_loss: 0.19999999999999996
  val:
    auc: 0.9329205366357068
    zo_loss: 0.12857142857142856
model_name: JOPLEn
params:
  L1Norm_lam: 1.9097243186467485e-05
  cell_model: CellModel.constant
  loss_fn: LogisticLoss
  max_iters: 100000
  mu: 3.3601554223260077
  n_cells: 10
  n_partitions: 1000
  partitioner: VPartition
  random_state: 0
  verbose: false
test_score: 0.43749385065527013
train_time: 0.7966351509094238
val_score: 0.2891821417304317
