contains_categorical: false
dummy_loss: 17.163644471008165
dummy_metadata:
  auc: 0.5
  zo_loss: 0.47619047619047616
metadata:
  n_epochs: 166
  test:
    auc: 0.9545454545454546
    zo_loss: 0.1428571428571429
  val:
    auc: 0.9704545454545455
    zo_loss: 0.09523809523809523
model_name: JOPLEn
params:
  Group21Norm_lam: 1.8772283245093595
  cell_model: CellModel.linear
  loss_fn: LogisticLoss
  max_iters: 100000
  mu: 0.9959019223098879
  n_cells: 30
  n_partitions: 18
  partitioner: VPartition
  random_state: 0
  verbose: false
test_score: 0.20904174667268097
train_time: 0.44853734970092773
val_score: 0.21950826088478376
