contains_categorical: postprocessed
dummy_loss: 13.21600624267629
dummy_metadata:
  auc: 0.5
  zo_loss: 0.3666666666666667
metadata:
  n_epochs: 582
  test:
    auc: 0.8373205741626795
    zo_loss: 0.1333333333333333
  val:
    auc: 0.8389724310776941
    zo_loss: 0.1694915254237288
model_name: JOPLEn
params:
  GroupInf1Norm_lam: 0.05481263220283432
  SquaredFNorm_lam: 1.0e-05
  cell_model: CellModel.linear
  loss_fn: LogisticLoss
  max_iters: 100000
  n_cells: 2
  n_partitions: 87
  partitioner: LinearForestPartition
  random_state: 0
  verbose: false
test_score: 0.42650189113326004
train_time: 1.961761474609375
val_score: 0.46367657081462493
