contains_categorical: postprocessed
dummy_loss: 10.813096016735146
dummy_metadata:
  auc: 0.5
  zo_loss: 0.30000000000000004
metadata:
  n_epochs: 146
  test:
    auc: 0.6052380952380952
    zo_loss: 0.33999999999999997
  val:
    auc: 0.6898809523809524
    zo_loss: 0.29500000000000004
model_name: JOPLEn
params:
  SquaredFNorm_lam: 0.00335795504070237
  cell_model: CellModel.constant
  loss_fn: LogisticLoss
  max_iters: 100000
  mu: 3.898999872730654
  n_cells: 15
  n_partitions: 679
  partitioner: GBPartition
  random_state: 0
  verbose: false
test_score: 0.6437302788347756
train_time: 1.117448329925537
val_score: 0.5637395572842872
