contains_categorical: false
dummy_loss: 9.301587971385072
dummy_metadata:
  auc: 0.5
  zo_loss: 0.25806451612903225
metadata:
  test:
    auc: 0.845108695652174
    zo_loss: 0.29032258064516125
  val:
    auc: 0.7085597826086956
    zo_loss: 0.24193548387096775
model_name: ExtraTreesClassifier
params:
  criterion: log_loss
  max_depth: 5
  max_features: 1
  max_leaf_nodes: 29
  n_estimators: 10
  random_state: 0
test_score: 0.4967965907543625
train_time: 0.01073765754699707
val_score: 0.5173050652403881
