contains_categorical: postprocessed
dummy_loss: 18.021826694558577
dummy_metadata:
  auc: 0.5
  zo_loss: 0.5
metadata:
  n_epochs: 116
  test:
    auc: 0.99
    zo_loss: 0.050000000000000044
  val:
    auc: 1.0
    zo_loss: 0.0
model_name: JOPLEn
params:
  SquaredFNorm_lam: 0.0002719620613978836
  SquaredLaplacian_lam: 0.0014367866273509188
  SquaredLaplacian_laplacian_type: LaplacianType.STANDARD
  SquaredLaplacian_sigma: 6.503683332192521e-05
  cell_model: CellModel.linear
  loss_fn: LogisticLoss
  max_iters: 100000
  mu: 7.5752441308567935
  n_cells: 32
  n_partitions: 31
  partitioner: GBPartition
  random_state: 0
  verbose: false
test_score: 0.10600263158165465
train_time: 0.4482600688934326
val_score: 0.04861497180717578
