contains_categorical: false
dummy_loss: 12.638683655924195
dummy_metadata:
  auc: 0.5
  zo_loss: 0.35064935064935066
metadata:
  n_epochs: 181
  test:
    auc: 0.8822222222222222
    zo_loss: 0.19480519480519476
  val:
    auc: 0.8616666666666667
    zo_loss: 0.2142857142857143
model_name: JOPLEn
params:
  SquaredFNorm_lam: 1000.0
  cell_model: CellModel.linear
  loss_fn: LogisticLoss
  max_iters: 100000
  mu: 1.0
  n_cells: 9
  n_partitions: 510
  partitioner: VPartition
  random_state: 0
  verbose: false
test_score: 0.42591541788541126
train_time: 0.7565217018127441
val_score: 0.43982717611613575
