contains_categorical: postprocessed
dummy_loss: 6.758185010459466
dummy_metadata:
  auc: 0.5
  zo_loss: 0.1875
metadata:
  n_epochs: 108
  test:
    auc: 0.6153846153846154
    zo_loss: 0.125
  val:
    auc: 0.7866666666666667
    zo_loss: 0.19354838709677424
model_name: JOPLEn
params:
  SquaredFNorm_lam: 3.771635565501312
  SquaredLaplacian_lam: 0.009842328213636523
  SquaredLaplacian_laplacian_type: LaplacianType.STANDARD
  SquaredLaplacian_sigma: 4.943490904881499
  cell_model: CellModel.linear
  loss_fn: LogisticLoss
  max_iters: 100000
  mu: 4.9292365302276275
  n_cells: 2
  n_partitions: 27
  partitioner: RFPartition
  random_state: 0
  verbose: false
test_score: 0.469581612955592
train_time: 0.36699771881103516
val_score: 0.4179569165632249
