contains_categorical: postprocessed
dummy_loss: 21.626192033470293
dummy_metadata:
  auc: 0.5
  zo_loss: 0.6
metadata:
  n_epochs: 115
  test:
    auc: 0.5
    zo_loss: 0.4
  val:
    auc: 0.48
    zo_loss: 0.6
model_name: JOPLEn
params:
  SquaredFNorm_lam: 248.221657295256
  SquaredLaplacian_lam: 0.6686180678943144
  SquaredLaplacian_laplacian_type: LaplacianType.NORMALIZED
  SquaredLaplacian_sigma: 0.0013446597268758184
  cell_model: CellModel.linear
  loss_fn: LogisticLoss
  max_iters: 100000
  mu: 2.3252284721713616
  n_cells: 27
  n_partitions: 14
  partitioner: GBPartition
  random_state: 0
  verbose: false
test_score: 0.6932013925021026
train_time: 0.42203545570373535
val_score: 0.6931714450060078
