contains_categorical: false
dummy_loss: 6.553391525294028
dummy_metadata:
  auc: 0.5
  zo_loss: 0.18181818181818177
metadata:
  n_epochs: 113
  test:
    auc: 0.7777777777777778
    zo_loss: 0.2727272727272727
  val:
    auc: 0.9583333333333334
    zo_loss: 0.045454545454545414
model_name: JOPLEn
params:
  SquaredFNorm_lam: 0.04707658983462791
  cell_model: CellModel.constant
  loss_fn: LogisticLoss
  max_iters: 100000
  mu: 7.871292985143579
  n_cells: 2
  n_partitions: 596
  partitioner: VPartition
  random_state: 0
  verbose: false
test_score: 0.5243320726128086
train_time: 0.5496408939361572
val_score: 0.22447950190432706
