contains_categorical: postprocessed
dummy_loss: 12.014551129705717
dummy_metadata:
  auc: 0.5
  zo_loss: 0.33333333333333337
metadata:
  n_epochs: 108
  test:
    auc: 0.890625
    zo_loss: 0.16666666666666663
  val:
    auc: 1.0
    zo_loss: 0.04166666666666663
model_name: JOPLEn
params:
  SquaredFNorm_lam: 0.00036901656237964
  cell_model: CellModel.constant
  loss_fn: LogisticLoss
  max_iters: 100000
  mu: 4.158973799102343
  n_cells: 8
  n_partitions: 334
  partitioner: VPartition
  random_state: 0
  verbose: false
test_score: 0.4786313464328156
train_time: 0.4276924133300781
val_score: 0.11054376834704926
