contains_categorical: postprocessed
dummy_loss: 11.15636890615531
dummy_metadata:
  auc: 0.5
  zo_loss: 0.30952380952380953
metadata:
  n_epochs: 121
  test:
    auc: 0.6038196286472148
    zo_loss: 0.27142857142857146
  val:
    auc: 0.660883601515036
    zo_loss: 0.2833333333333333
model_name: JOPLEn
params:
  GroupInf1Norm_lam: 651.5120780712718
  cell_model: CellModel.linear
  loss_fn: LogisticLoss
  max_iters: 100000
  mu: 1.0
  n_cells: 14
  n_partitions: 20
  partitioner: VPartition
  random_state: 0
  verbose: false
test_score: 0.5967263269379084
train_time: 0.34192395210266113
val_score: 0.5860823823687573
