contains_categorical: false
dummy_loss: 13.27924072230632
dummy_metadata:
  auc: 0.5
  zo_loss: 0.368421052631579
metadata:
  n_epochs: 201
  test:
    auc: 0.9695767195767195
    zo_loss: 0.052631578947368474
  val:
    auc: 0.9983622666229939
    zo_loss: 0.02631578947368418
model_name: JOPLEn
params:
  GroupInf1Norm_lam: 1000.0
  cell_model: CellModel.linear
  loss_fn: LogisticLoss
  max_iters: 100000
  mu: 5.0840853967245545
  n_cells: 32
  n_partitions: 152
  partitioner: RFPartition
  random_state: 0
  verbose: false
test_score: 0.35293060796441955
train_time: 0.9186520576477051
val_score: 0.059356212647539076
