contains_categorical: postprocessed
dummy_loss: 10.813096016735146
dummy_metadata:
  auc: 0.5
  zo_loss: 0.30000000000000004
metadata:
  n_epochs: 853
  test:
    auc: 0.5766666666666665
    zo_loss: 0.31000000000000005
  val:
    auc: 0.6842857142857143
    zo_loss: 0.28500000000000003
model_name: JOPLEn
params:
  L1Norm_lam: 0.0002850069575630465
  cell_model: CellModel.constant
  loss_fn: LogisticLoss
  max_iters: 100000
  mu: 1.0e-05
  n_cells: 32
  n_partitions: 256
  partitioner: LinearForestPartition
  random_state: 0
  verbose: false
test_score: 0.6317937378851132
train_time: 2.723306894302368
val_score: 0.5662349174521446
