contains_categorical: false
dummy_loss: 5.570382796499923
dummy_metadata:
  auc: 0.5
  zo_loss: 0.15454545454545454
metadata:
  test:
    auc: 1.0
    zo_loss: 0.0
  val:
    auc: 1.0
    zo_loss: 0.0
model_name: CatBoostClassifier
params:
  allow_writing_files: false
  grow_policy: SymmetricTree
  iterations: 51
  l2_leaf_reg: 0.001578313239267837
  learning_rate: 1.0
  max_depth: 4
  od_type: Iter
  od_wait: 69
  random_seed: 0
  subsample: 1.0
test_score: 1.02523426284865e-06
train_time: 0.10919523239135742
val_score: 8.566077613358804e-07
