contains_categorical: postprocessed
dummy_loss: 12.35782401912588
dummy_metadata:
  auc: 0.5
  zo_loss: 0.34285714285714286
metadata:
  n_epochs: 114
  test:
    auc: 0.9134963768115942
    zo_loss: 0.09999999999999998
  val:
    auc: 0.9766757246376812
    zo_loss: 0.07857142857142863
model_name: JOPLEn
params:
  GroupInf1Norm_lam: 9.061020365622658
  cell_model: CellModel.linear
  loss_fn: LogisticLoss
  max_iters: 100000
  mu: 1.7042100593712188
  n_cells: 4
  n_partitions: 22
  partitioner: RFPartition
  random_state: 0
  verbose: false
test_score: 0.33493558236095256
train_time: 0.31429529190063477
val_score: 0.16655742036148358
