contains_categorical: postprocessed
dummy_loss: 11.185961396622565
dummy_metadata:
  auc: 0.5
  zo_loss: 0.31034482758620685
metadata:
  n_epochs: 107
  test:
    auc: 0.6555555555555556
    zo_loss: 0.31034482758620685
  val:
    auc: 0.6492109038737447
    zo_loss: 0.2931034482758621
model_name: JOPLEn
params:
  GroupInf1Norm_lam: 5.101688675947521
  cell_model: CellModel.linear
  loss_fn: LogisticLoss
  max_iters: 100000
  mu: 9.26166618667573
  n_cells: 20
  n_partitions: 44
  partitioner: VPartition
  random_state: 0
  verbose: false
test_score: 0.5750079606677486
train_time: 0.2998366355895996
val_score: 0.5816080715050631
