contains_categorical: false
dummy_loss: 13.27924072230632
dummy_metadata:
  auc: 0.5
  zo_loss: 0.368421052631579
metadata:
  n_epochs: 282
  test:
    auc: 0.955026455026455
    zo_loss: 0.03508771929824561
  val:
    auc: 0.9990173599737963
    zo_loss: 0.02631578947368418
model_name: JOPLEn
params:
  SquaredFNorm_lam: 0.0027809339546574865
  SquaredLaplacian_lam: 9.270930843853584e-05
  SquaredLaplacian_laplacian_type: LaplacianType.NORMALIZED
  SquaredLaplacian_sigma: 2.9388873657006713
  cell_model: CellModel.linear
  loss_fn: LogisticLoss
  max_iters: 100000
  mu: 3.289120097788422
  n_cells: 17
  n_partitions: 62
  partitioner: GBPartition
  random_state: 0
  verbose: false
test_score: 0.5072822498033007
train_time: 1.204561471939087
val_score: 0.042863752458827
