contains_categorical: false
dummy_loss: 13.27924072230632
dummy_metadata:
  auc: 0.5
  zo_loss: 0.368421052631579
metadata:
  n_epochs: 284
  test:
    auc: 0.9285714285714285
    zo_loss: 0.03508771929824561
  val:
    auc: 0.998689813298395
    zo_loss: 0.01754385964912286
model_name: JOPLEn
params:
  SquaredFNorm_lam: 0.00013668775671616458
  SquaredLaplacian_lam: 4.561353849777698e-05
  SquaredLaplacian_laplacian_type: LaplacianType.NORMALIZED
  SquaredLaplacian_sigma: 78.1525322484623
  cell_model: CellModel.constant
  loss_fn: LogisticLoss
  max_iters: 100000
  mu: 6.478419088456859
  n_cells: 19
  n_partitions: 68
  partitioner: GBPartition
  random_state: 0
  verbose: false
test_score: 0.4058760789298452
train_time: 1.218468189239502
val_score: 0.04393383974644785
