contains_categorical: postprocessed
dummy_loss: 16.019401506274292
dummy_metadata:
  auc: 0.5
  zo_loss: 0.4444444444444444
metadata:
  n_epochs: 105
  test:
    auc: 0.7
    zo_loss: 0.33333333333333337
  val:
    auc: 0.6944444444444444
    zo_loss: 0.4117647058823529
model_name: JOPLEn
params:
  GroupInf1Norm_lam: 0.358669703175125
  cell_model: CellModel.linear
  loss_fn: LogisticLoss
  max_iters: 100000
  mu: 1.0
  n_cells: 26
  n_partitions: 13
  partitioner: VPartition
  random_state: 0
  verbose: false
test_score: 0.6318876498318237
train_time: 0.3045017719268799
val_score: 0.6126135190697324
