contains_categorical: postprocessed
dummy_loss: 16.19352543569032
dummy_metadata:
  auc: 0.5
  zo_loss: 0.4492753623188406
metadata:
  n_epochs: 144
  test:
    auc: 0.8735144312393888
    zo_loss: 0.17391304347826086
  val:
    auc: 0.8579944645518416
    zo_loss: 0.23188405797101452
model_name: JOPLEn
params:
  SquaredFNorm_lam: 0.04669624456176267
  SquaredLaplacian_lam: 0.2100731924014634
  SquaredLaplacian_laplacian_type: LaplacianType.STANDARD
  SquaredLaplacian_sigma: 16.93589936058074
  cell_model: CellModel.linear
  loss_fn: LogisticLoss
  max_iters: 100000
  mu: 1.0
  n_cells: 6
  n_partitions: 33
  partitioner: VPartition
  random_state: 0
  verbose: false
test_score: 0.40353671915897193
train_time: 0.4901618957519531
val_score: 0.4672322703370561
