contains_categorical: postprocessed
dummy_loss: 13.63813912020649
dummy_metadata:
  auc: 0.5
  zo_loss: 0.3783783783783784
metadata:
  n_epochs: 115
  test:
    auc: 0.7515527950310559
    zo_loss: 0.3783783783783784
  val:
    auc: 0.6753349093774625
    zo_loss: 0.3648648648648649
model_name: JOPLEn
params:
  SquaredFNorm_lam: 0.021732909845613133
  SquaredLaplacian_lam: 0.13499054671182267
  SquaredLaplacian_laplacian_type: LaplacianType.STANDARD
  SquaredLaplacian_sigma: 311.1421046468729
  cell_model: CellModel.constant
  loss_fn: LogisticLoss
  max_iters: 100000
  mu: 4.309429140472272
  n_cells: 2
  n_partitions: 59
  partitioner: VPartition
  random_state: 0
  verbose: false
test_score: 0.6207280258838171
train_time: 0.5375585556030273
val_score: 0.6248615394200913
