contains_categorical: false
dummy_loss: 14.229815437785946
dummy_metadata:
  auc: 0.5
  zo_loss: 0.3947939262472885
metadata:
  n_epochs: 135
  test:
    auc: 0.9618141714915909
    zo_loss: 0.08026030368763559
  val:
    auc: 0.9810639814649796
    zo_loss: 0.05326086956521736
model_name: JOPLEn
params:
  Group21Norm_lam: 2.382109146738073
  cell_model: CellModel.linear
  loss_fn: LogisticLoss
  max_iters: 100000
  mu: 1.0
  n_cells: 32
  n_partitions: 1000
  partitioner: VPartition
  random_state: 0
  verbose: false
test_score: 0.26802885731866205
train_time: 7.695424556732178
val_score: 0.16823219800846081
