contains_categorical: false
dummy_loss: 17.506917360428332
dummy_metadata:
  auc: 0.5
  zo_loss: 0.48571428571428577
metadata:
  n_epochs: 221
  test:
    auc: 0.6633986928104575
    zo_loss: 0.37142857142857144
  val:
    auc: 0.6025210084033613
    zo_loss: 0.4347826086956522
model_name: JOPLEn
params:
  SquaredFNorm_lam: 1000.0
  SquaredLaplacian_lam: 0.0002680977249624407
  SquaredLaplacian_laplacian_type: LaplacianType.LEFT_NORMALIZED
  SquaredLaplacian_sigma: 0.0002560526854728965
  cell_model: CellModel.linear
  loss_fn: LogisticLoss
  max_iters: 100000
  mu: 1.0
  n_cells: 11
  n_partitions: 26
  partitioner: VPartition
  random_state: 0
  verbose: false
test_score: 0.6467615958576314
train_time: 0.7795286178588867
val_score: 0.6761738131508659
