contains_categorical: postprocessed
dummy_loss: 10.813096016735146
dummy_metadata:
  auc: 0.5
  zo_loss: 0.30000000000000004
metadata:
  n_epochs: 103
  test:
    auc: 1.0
    zo_loss: 0.0
  val:
    auc: 1.0
    zo_loss: 0.0
model_name: JOPLEn
params:
  Group21Norm_lam: 24.756039740422167
  cell_model: CellModel.linear
  loss_fn: LogisticLoss
  max_iters: 100000
  mu: 8.47424776417173
  n_cells: 20
  n_partitions: 111
  partitioner: RFPartition
  random_state: 0
  verbose: false
test_score: 1.192092966562092e-07
train_time: 0.38550662994384766
val_score: 1.1920929665620914e-07
