contains_categorical: postprocessed
dummy_loss: 16.19352543569032
dummy_metadata:
  auc: 0.5
  zo_loss: 0.4492753623188406
metadata:
  n_epochs: 122
  test:
    auc: 0.7835314091680816
    zo_loss: 0.26086956521739135
  val:
    auc: 0.8552267404726421
    zo_loss: 0.2028985507246377
model_name: JOPLEn
params:
  Group21Norm_lam: 180.7213452810385
  cell_model: CellModel.linear
  loss_fn: LogisticLoss
  max_iters: 100000
  mu: 1.0
  n_cells: 11
  n_partitions: 1000
  partitioner: VPartition
  random_state: 0
  verbose: false
test_score: 0.5453477934898764
train_time: 0.882122278213501
val_score: 0.45111277330524435
