contains_categorical: postprocessed
dummy_loss: 10.813096016735146
dummy_metadata:
  auc: 0.5
  zo_loss: 0.30000000000000004
metadata:
  n_epochs: 115
  test:
    auc: 0.5814285714285714
    zo_loss: 0.32999999999999996
  val:
    auc: 0.7271428571428571
    zo_loss: 0.25
model_name: JOPLEn
params:
  SquaredFNorm_lam: 0.5122499015448163
  cell_model: CellModel.linear
  loss_fn: LogisticLoss
  max_iters: 100000
  mu: 1.0
  n_cells: 9
  n_partitions: 10
  partitioner: VPartition
  random_state: 0
  verbose: false
test_score: 0.6210891691904571
train_time: 0.31107187271118164
val_score: 0.5443563338206556
