contains_categorical: postprocessed
dummy_loss: 13.216006242676288
dummy_metadata:
  auc: 0.5
  zo_loss: 0.3666666666666667
metadata:
  n_epochs: 157
  test:
    auc: 0.9090909090909091
    zo_loss: 0.1333333333333333
  val:
    auc: 0.8070175438596492
    zo_loss: 0.13559322033898302
model_name: JOPLEn
params:
  SquaredFNorm_lam: 1000.0
  cell_model: CellModel.linear
  loss_fn: LogisticLoss
  max_iters: 100000
  mu: 8.506993528370641
  n_cells: 2
  n_partitions: 297
  partitioner: RFPartition
  random_state: 0
  verbose: false
test_score: 0.38177300459927327
train_time: 0.6283891201019287
val_score: 0.4387342263183742
