contains_categorical: postprocessed
dummy_loss: 10.813096016735146
dummy_metadata:
  auc: 0.5
  zo_loss: 0.30000000000000004
metadata:
  n_epochs: 174
  test:
    auc: 0.5761904761904761
    zo_loss: 0.31000000000000005
  val:
    auc: 0.6851190476190476
    zo_loss: 0.30500000000000005
model_name: JOPLEn
params:
  GroupInf1Norm_lam: 0.043596747498070666
  SquaredFNorm_lam: 137.58239508911893
  cell_model: CellModel.linear
  loss_fn: LogisticLoss
  max_iters: 100000
  n_cells: 32
  n_partitions: 277
  partitioner: LinearForestPartition
  random_state: 0
  verbose: false
test_score: 0.6360019801259561
train_time: 1.7619853019714355
val_score: 0.5658763133006591
