contains_categorical: false
dummy_loss: 0.9102376209470832
dummy_metadata: {}
metadata:
  test: {}
  val: {}
model_name: XGBRegressor
params:
  early_stopping_rounds: 31
  learning_rate: 0.14741281737856018
  max_leaves: 23
  n_estimators: 51
  objective: reg:squarederror
  random_state: 0
  reg_alpha: 0.0006693504855527606
  reg_lambda: 0.03650418763166608
  verbosity: 0
test_score: 0.28087537992053263
train_time: 1.2467429637908936
val_score: 0.24634975603739473
