contains_categorical: postprocessed
dummy_loss: 12.014551129705717
dummy_metadata:
  auc: 0.5
  zo_loss: 0.33333333333333337
metadata:
  n_epochs: 115
  test:
    auc: 0.859375
    zo_loss: 0.25
  val:
    auc: 0.9375
    zo_loss: 0.08333333333333337
model_name: JOPLEn
params:
  SquaredFNorm_lam: 1.0e-05
  cell_model: CellModel.constant
  loss_fn: LogisticLoss
  max_iters: 100000
  mu: 4.494929829209284
  n_cells: 19
  n_partitions: 54
  partitioner: GBPartition
  random_state: 0
  verbose: false
test_score: 0.41801264394840426
train_time: 0.3180980682373047
val_score: 0.2420399325168451
