contains_categorical: false
dummy_loss: 10.2981866826049
dummy_metadata:
  auc: 0.5
  zo_loss: 0.2857142857142857
metadata:
  n_epochs: 155
  test:
    auc: 0.8800000000000001
    zo_loss: 0.19999999999999996
  val:
    auc: 0.9318885448916409
    zo_loss: 0.12857142857142856
model_name: JOPLEn
params:
  L1Norm_lam: 0.00013258548502096613
  cell_model: CellModel.constant
  loss_fn: LogisticLoss
  max_iters: 100000
  mu: 4.0206160103773385
  n_cells: 4
  n_partitions: 1000
  partitioner: LinearForestPartition
  random_state: 0
  verbose: false
test_score: 0.4802988591898951
train_time: 1.6529533863067627
val_score: 0.32344590176184423
