contains_categorical: postprocessed
dummy_loss: 10.813096016735146
dummy_metadata:
  auc: 0.5
  zo_loss: 0.30000000000000004
metadata:
  test:
    auc: 0.5561904761904762
    zo_loss: 0.30000000000000004
  val:
    auc: 0.6586309523809525
    zo_loss: 0.28
model_name: RandomForestClassifier
params:
  ccp_alpha: 0.00019506544294702622
  criterion: log_loss
  max_depth: 5
  max_leaf_nodes: 24
  n_estimators: 19
  n_jobs: -1
  random_state: 0
test_score: 0.6284751999795466
train_time: 0.0556333065032959
val_score: 0.5662418349322161
