contains_categorical: postprocessed
dummy_loss: 21.626192033470293
dummy_metadata:
  auc: 0.5
  zo_loss: 0.6
metadata:
  n_epochs: 129
  test:
    auc: 0.3333333333333333
    zo_loss: 0.6
  val:
    auc: 0.39999999999999997
    zo_loss: 0.5
model_name: JOPLEn
params:
  SquaredFNorm_lam: 1.0e-05
  SquaredLaplacian_lam: 0.12557926424542054
  SquaredLaplacian_laplacian_type: LaplacianType.STANDARD
  SquaredLaplacian_sigma: 0.026237788507933107
  cell_model: CellModel.linear
  loss_fn: LogisticLoss
  max_iters: 100000
  mu: 1.0
  n_cells: 11
  n_partitions: 36
  partitioner: VPartition
  random_state: 0
  verbose: false
test_score: 0.6931472044018047
train_time: 0.9365589618682861
val_score: 0.6931471924808764
