contains_categorical: postprocessed
dummy_loss: 11.15636890615531
dummy_metadata:
  auc: 0.5
  zo_loss: 0.30952380952380953
metadata:
  n_epochs: 119
  test:
    auc: 0.6231299734748011
    zo_loss: 0.2523809523809524
  val:
    auc: 0.6462289331198048
    zo_loss: 0.30714285714285716
model_name: JOPLEn
params:
  SquaredFNorm_lam: 0.0015646345840078014
  SquaredLaplacian_lam: 1.6488533085374006e-05
  SquaredLaplacian_laplacian_type: LaplacianType.NORMALIZED
  SquaredLaplacian_sigma: 11.72724620885161
  cell_model: CellModel.constant
  loss_fn: LogisticLoss
  max_iters: 100000
  mu: 4.896655442041395
  n_cells: 8
  n_partitions: 11
  partitioner: LinearForestPartition
  random_state: 0
  verbose: false
test_score: 0.5803989735230899
train_time: 0.6301791667938232
val_score: 0.5932956141040803
