contains_categorical: postprocessed
dummy_loss: 13.63813912020649
dummy_metadata:
  auc: 0.5
  zo_loss: 0.3783783783783784
metadata:
  test:
    auc: 0.782608695652174
    zo_loss: 0.2432432432432432
  val:
    auc: 0.6721828211189914
    zo_loss: 0.33783783783783783
model_name: GradientBoostingClassifier
params:
  ccp_alpha: 0.0001030595190838555
  criterion: friedman_mse
  learning_rate: 0.3378779178905535
  loss: log_loss
  max_depth: 1
  max_leaf_nodes: 24
  n_estimators: 32
  random_state: 0
test_score: 0.5425133058850876
train_time: 0.012036323547363281
val_score: 0.6113037541650462
