contains_categorical: postprocessed
dummy_loss: 12.270179877146266
dummy_metadata:
  auc: 0.5
  zo_loss: 0.34042553191489366
metadata:
  n_epochs: 45
  test:
    auc: 0.7661290322580645
    zo_loss: 0.2978723404255319
  val:
    auc: 0.7807377049180327
    zo_loss: 0.26881720430107525
model_name: JOPLEn
params:
  Group21Norm_lam: 0.0002772053155306757
  cell_model: CellModel.linear
  loss_fn: LogisticLoss
  max_iters: 100000
  mu: 6.5723329064869045
  n_cells: 2
  n_partitions: 1000
  partitioner: VPartition
  random_state: 0
  verbose: false
test_score: 0.5473199430403813
train_time: 0.5790572166442871
val_score: 0.533986379048445
