contains_categorical: postprocessed
dummy_loss: 7.20873067782343
dummy_metadata:
  auc: 0.5
  zo_loss: 0.19999999999999996
metadata:
  n_epochs: 105
  test:
    auc: 1.0
    zo_loss: 0.0
  val:
    auc: 0.9666666666666667
    zo_loss: 0.052631578947368474
model_name: JOPLEn
params:
  SquaredFNorm_lam: 0.0038546975126672258
  SquaredLaplacian_lam: 1.2010738783232155e-05
  SquaredLaplacian_laplacian_type: LaplacianType.LEFT_NORMALIZED
  SquaredLaplacian_sigma: 112.99556115292505
  cell_model: CellModel.linear
  loss_fn: LogisticLoss
  max_iters: 100000
  mu: 8.027318761293614
  n_cells: 2
  n_partitions: 13
  partitioner: GBPartition
  random_state: 0
  verbose: false
test_score: 0.025759535901342313
train_time: 0.330411434173584
val_score: 0.2407570517952559
