contains_categorical: postprocessed
dummy_loss: 12.014551129705717
dummy_metadata:
  auc: 0.5
  zo_loss: 0.33333333333333337
metadata:
  n_epochs: 104
  test:
    auc: 1.0
    zo_loss: 0.0
  val:
    auc: 1.0
    zo_loss: 0.16666666666666663
model_name: JOPLEn
params:
  L1Norm_lam: 0.0002838174733613284
  cell_model: CellModel.constant
  loss_fn: LogisticLoss
  max_iters: 100000
  mu: 2.5868514559536857
  n_cells: 8
  n_partitions: 45
  partitioner: LinearForestPartition
  random_state: 0
  verbose: false
test_score: 0.03822453069226005
train_time: 0.2847015857696533
val_score: 0.16980690359047598
