contains_categorical: postprocessed
dummy_loss: 10.813096016735146
dummy_metadata:
  auc: 0.5
  zo_loss: 0.30000000000000004
metadata:
  n_epochs: 170
  test:
    auc: 0.590952380952381
    zo_loss: 0.36
  val:
    auc: 0.747202380952381
    zo_loss: 0.24
model_name: JOPLEn
params:
  GroupInf1Norm_lam: 1.0e-05
  cell_model: CellModel.linear
  loss_fn: LogisticLoss
  max_iters: 100000
  mu: 2.5667206494031345
  n_cells: 2
  n_partitions: 632
  partitioner: RFPartition
  random_state: 0
  verbose: false
test_score: 0.624787878737012
train_time: 5.701358079910278
val_score: 0.5262792346317329
