contains_categorical: postprocessed
dummy_loss: 11.15636890615531
dummy_metadata:
  auc: 0.5
  zo_loss: 0.30952380952380953
metadata:
  n_epochs: 135
  test:
    auc: 0.6260477453580902
    zo_loss: 0.2571428571428571
  val:
    auc: 0.6534990721675691
    zo_loss: 0.30000000000000004
model_name: JOPLEn
params:
  SquaredFNorm_lam: 0.0009556393296784275
  SquaredLaplacian_lam: 0.024053464648072106
  SquaredLaplacian_laplacian_type: LaplacianType.LEFT_NORMALIZED
  SquaredLaplacian_sigma: 0.0001862376610816734
  cell_model: CellModel.constant
  loss_fn: LogisticLoss
  max_iters: 100000
  mu: 8.138835616392381
  n_cells: 15
  n_partitions: 303
  partitioner: GBPartition
  random_state: 0
  verbose: false
test_score: 0.5829989152082727
train_time: 1.0293941497802734
val_score: 0.594268656928315
