contains_categorical: postprocessed
dummy_loss: 13.730915576806535
dummy_metadata:
  auc: 0.5
  zo_loss: 0.38095238095238093
metadata:
  n_epochs: 196
  test:
    auc: 0.9230769230769231
    zo_loss: 0.19047619047619047
  val:
    auc: 0.980246913580247
    zo_loss: 0.09523809523809523
model_name: JOPLEn
params:
  L1Norm_lam: 2.9656629339030744e-05
  cell_model: CellModel.constant
  loss_fn: LogisticLoss
  max_iters: 100000
  mu: 5.307088429222656
  n_cells: 2
  n_partitions: 1000
  partitioner: VPartition
  random_state: 0
  verbose: false
test_score: 0.3739917574760999
train_time: 0.9500792026519775
val_score: 0.18061818767549462
