contains_categorical: postprocessed
dummy_loss: 17.336333900041623
dummy_metadata:
  auc: 0.5
  zo_loss: 0.48098159509202454
metadata:
  n_epochs: 759
  test:
    auc: 0.8823032759202972
    zo_loss: 0.19263803680981595
  val:
    auc: 0.8821313866406705
    zo_loss: 0.19533169533169537
model_name: JOPLEn
params:
  SquaredFNorm_lam: 0.0011672515575299192
  SquaredLaplacian_lam: 8.761560565377253e-05
  SquaredLaplacian_laplacian_type: LaplacianType.NORMALIZED
  SquaredLaplacian_sigma: 0.012551059211885754
  cell_model: CellModel.linear
  loss_fn: LogisticLoss
  max_iters: 100000
  mu: 5.610441205090238
  n_cells: 17
  n_partitions: 205
  partitioner: RFPartition
  random_state: 0
  verbose: false
test_score: 0.40911895913669544
train_time: 7.558938026428223
val_score: 0.4033344110951491
