contains_categorical: postprocessed
dummy_loss: 16.01940150627429
dummy_metadata:
  auc: 0.5
  zo_loss: 0.4444444444444444
metadata:
  n_epochs: 123
  test:
    auc: 0.8944444444444444
    zo_loss: 0.18518518518518523
  val:
    auc: 0.8430555555555556
    zo_loss: 0.2962962962962963
model_name: JOPLEn
params:
  Group21Norm_lam: 9.870171932190793
  cell_model: CellModel.linear
  loss_fn: LogisticLoss
  max_iters: 100000
  mu: 1.0
  n_cells: 2
  n_partitions: 358
  partitioner: VPartition
  random_state: 0
  verbose: false
test_score: 0.45300562316084025
train_time: 0.4675629138946533
val_score: 0.49924415521535925
