contains_categorical: postprocessed
dummy_loss: 17.336333900041623
dummy_metadata:
  auc: 0.5
  zo_loss: 0.48098159509202454
metadata:
  n_epochs: 146
  test:
    auc: 0.8812780431321464
    zo_loss: 0.19263803680981595
  val:
    auc: 0.8809570231320895
    zo_loss: 0.19533169533169537
model_name: JOPLEn
params:
  SquaredFNorm_lam: 0.0009335590656960012
  SquaredLaplacian_lam: 0.002552062930069749
  SquaredLaplacian_laplacian_type: LaplacianType.LEFT_NORMALIZED
  SquaredLaplacian_sigma: 0.002374944684119984
  cell_model: CellModel.constant
  loss_fn: LogisticLoss
  max_iters: 100000
  mu: 8.971466850424555
  n_cells: 16
  n_partitions: 211
  partitioner: LinearForestPartition
  random_state: 0
  verbose: false
test_score: 0.4111837987190891
train_time: 2.353515148162842
val_score: 0.40392518325970417
