contains_categorical: false
dummy_loss: 16.961719241937484
dummy_metadata:
  auc: 0.5
  zo_loss: 0.47058823529411764
metadata:
  n_epochs: 311
  test:
    auc: 0.8611111111111112
    zo_loss: 0.17647058823529416
  val:
    auc: 0.8629629629629629
    zo_loss: 0.21212121212121215
model_name: JOPLEn
params:
  Group21Norm_lam: 122.55379606676912
  SquaredFNorm_lam: 0.6914797739916226
  cell_model: CellModel.linear
  loss_fn: LogisticLoss
  max_iters: 100000
  n_cells: 2
  n_partitions: 1000
  partitioner: LinearForestPartition
  random_state: 0
  verbose: false
test_score: 0.43513584682199763
train_time: 1.692030429840088
val_score: 0.497238533537139
