contains_categorical: false
dummy_loss: 10.2981866826049
dummy_metadata:
  auc: 0.5
  zo_loss: 0.2857142857142857
metadata:
  n_epochs: 164
  test:
    auc: 0.9119999999999999
    zo_loss: 0.11428571428571432
  val:
    auc: 0.9597523219814241
    zo_loss: 0.0714285714285714
model_name: JOPLEn
params:
  SquaredFNorm_lam: 0.0008849550761721487
  SquaredLaplacian_lam: 4.5662430336944686e-05
  SquaredLaplacian_laplacian_type: LaplacianType.LEFT_NORMALIZED
  SquaredLaplacian_sigma: 0.41151288699331523
  cell_model: CellModel.constant
  loss_fn: LogisticLoss
  max_iters: 100000
  mu: 10.0
  n_cells: 5
  n_partitions: 328
  partitioner: VPartition
  random_state: 0
  verbose: false
test_score: 0.3252823074610683
train_time: 0.6783046722412109
val_score: 0.22934713901451872
