contains_categorical: false
dummy_loss: 12.638683655924195
dummy_metadata:
  auc: 0.5
  zo_loss: 0.35064935064935066
metadata:
  n_epochs: 204
  test:
    auc: 0.8525925925925926
    zo_loss: 0.16883116883116878
  val:
    auc: 0.8683333333333334
    zo_loss: 0.2012987012987013
model_name: JOPLEn
params:
  SquaredFNorm_lam: 1000.0
  cell_model: CellModel.linear
  loss_fn: LogisticLoss
  max_iters: 100000
  mu: 6.008669020286913
  n_cells: 8
  n_partitions: 1000
  partitioner: RFPartition
  random_state: 0
  verbose: false
test_score: 0.45160222512943854
train_time: 1.5823607444763184
val_score: 0.4258991392296547
