contains_categorical: postprocessed
dummy_loss: 12.191235705142565
dummy_metadata:
  auc: 0.5
  zo_loss: 0.3382352941176471
metadata:
  n_epochs: 707
  test:
    auc: 0.6106280193236715
    zo_loss: 0.36764705882352944
  val:
    auc: 0.6333333333333333
    zo_loss: 0.3407407407407408
model_name: JOPLEn
params:
  L1Norm_lam: 0.0014635630309638953
  cell_model: CellModel.constant
  loss_fn: LogisticLoss
  max_iters: 100000
  mu: 1.0e-05
  n_cells: 2
  n_partitions: 640
  partitioner: LinearForestPartition
  random_state: 0
  verbose: false
test_score: 0.6281438296060338
train_time: 2.2972514629364014
val_score: 0.6148085117775218
