contains_categorical: postprocessed
dummy_loss: 16.01940150627429
dummy_metadata:
  auc: 0.5
  zo_loss: 0.4444444444444444
metadata:
  n_epochs: 105
  test:
    auc: 0.8611111111111112
    zo_loss: 0.18518518518518523
  val:
    auc: 0.8680555555555556
    zo_loss: 0.2592592592592593
model_name: JOPLEn
params:
  Group21Norm_lam: 1000.0
  cell_model: CellModel.linear
  loss_fn: LogisticLoss
  max_iters: 100000
  mu: 6.359780778157603
  n_cells: 19
  n_partitions: 10
  partitioner: VPartition
  random_state: 0
  verbose: false
test_score: 0.45492060318312005
train_time: 0.2769436836242676
val_score: 0.47428467128016194
