contains_categorical: false
dummy_loss: 6.553391525294028
dummy_metadata:
  auc: 0.5
  zo_loss: 0.18181818181818177
metadata:
  n_epochs: 100000
  test:
    auc: 0.5555555555555556
    zo_loss: 0.2727272727272727
  val:
    auc: 1.0
    zo_loss: 0.0
model_name: JOPLEn
params:
  GroupInf1Norm_lam: 0.9975942800362539
  SquaredFNorm_lam: 0.0009397465815295832
  cell_model: CellModel.linear
  loss_fn: LogisticLoss
  max_iters: 100000
  n_cells: 4
  n_partitions: 58
  partitioner: LinearForestPartition
  random_state: 0
  verbose: false
test_score: 4.3528866713077825
train_time: 314.98418140411377
val_score: 0.0002095097628781832
