contains_categorical: postprocessed
dummy_loss: 21.626192033470293
dummy_metadata:
  auc: 0.5
  zo_loss: 0.6
metadata:
  n_epochs: 104
  test:
    auc: 0.5833333333333333
    zo_loss: 0.4
  val:
    auc: 0.36
    zo_loss: 0.6
model_name: JOPLEn
params:
  SquaredFNorm_lam: 1.1814036399761947
  cell_model: CellModel.constant
  loss_fn: LogisticLoss
  max_iters: 100000
  mu: 3.038185476850684
  n_cells: 2
  n_partitions: 16
  partitioner: RFPartition
  random_state: 0
  verbose: false
test_score: 0.6945360274133546
train_time: 0.3278312683105469
val_score: 0.7048155371677132
