contains_categorical: postprocessed
dummy_loss: 7.20873067782343
dummy_metadata:
  auc: 0.5
  zo_loss: 0.19999999999999996
metadata:
  n_epochs: 132
  test:
    auc: 0.9375
    zo_loss: 0.09999999999999998
  val:
    auc: 0.9733333333333334
    zo_loss: 0.15000000000000002
model_name: JOPLEn
params:
  SquaredFNorm_lam: 0.0005227812853122149
  cell_model: CellModel.constant
  loss_fn: LogisticLoss
  max_iters: 100000
  mu: 4.951605311207488
  n_cells: 21
  n_partitions: 24
  partitioner: RFPartition
  random_state: 0
  verbose: false
test_score: 0.32502324851218795
train_time: 0.36254072189331055
val_score: 0.17695356806914062
