contains_categorical: false
dummy_loss: 15.769098357738756
dummy_metadata:
  auc: 0.5
  zo_loss: 0.4375
metadata:
  n_epochs: 1160
  test:
    auc: 1.0
    zo_loss: 0.0
  val:
    auc: 1.0
    zo_loss: 0.0
model_name: JOPLEn
params:
  L1Norm_lam: 1.0e-05
  cell_model: CellModel.constant
  loss_fn: LogisticLoss
  max_iters: 100000
  mu: 4.087803629685683
  n_cells: 14
  n_partitions: 21
  partitioner: RFPartition
  random_state: 0
  verbose: false
test_score: 1.9693542263256128e-05
train_time: 2.8950424194335938
val_score: 1.8762729017898648e-05
