contains_categorical: postprocessed
dummy_loss: 2.1633525431921794
dummy_metadata:
  auc: 0.5
  zo_loss: 0.0600203458799593
metadata:
  test:
    auc: 0.6259538484114755
    zo_loss: 0.0600203458799593
  val:
    auc: 0.6474474724745581
    zo_loss: 0.05960264900662249
model_name: ExtraTreesClassifier
params:
  criterion: log_loss
  max_depth: 5
  max_features: 1
  max_leaf_nodes: 24
  n_estimators: 524
  random_state: 0
test_score: 0.22176419245475631
train_time: 0.5402421951293945
val_score: 0.21835990299021427
