contains_categorical: postprocessed
dummy_loss: 15.44728002390735
dummy_metadata:
  auc: 0.5
  zo_loss: 0.4285714285714286
metadata:
  test:
    auc: 1.0
    zo_loss: 0.1428571428571429
  val:
    auc: 0.7417582417582418
    zo_loss: 0.33333333333333337
model_name: LinearForestClassifier
params:
  ccp_alpha: 0.016249265417915177
  max_depth: 1
  max_leaf_nodes: 8
  n_estimators: 10
  random_state: 0
test_score: 0.3528198118425236
train_time: 0.009296417236328125
val_score: 0.5856883371448953
