contains_categorical: postprocessed
dummy_loss: 5.118198781254636
dummy_metadata:
  auc: 0.5
  zo_loss: 0.14200000000000002
metadata:
  n_epochs: 117
  test:
    auc: 0.739518697265176
    zo_loss: 0.09999999999999998
  val:
    auc: 0.7288845905867183
    zo_loss: 0.10610610610610616
model_name: JOPLEn
params:
  L1Norm_lam: 1.0e-05
  cell_model: CellModel.constant
  loss_fn: LogisticLoss
  max_iters: 100000
  mu: 7.698865485208001
  n_cells: 32
  n_partitions: 1000
  partitioner: VPartition
  random_state: 0
  verbose: false
test_score: 0.3257249995370759
train_time: 5.83267068862915
val_score: 0.3280157300920824
