contains_categorical: false
dummy_loss: 15.769098357738756
dummy_metadata:
  auc: 0.5
  zo_loss: 0.4375
metadata:
  n_epochs: 103
  test:
    auc: 1.0
    zo_loss: 0.0
  val:
    auc: 1.0
    zo_loss: 0.0
model_name: JOPLEn
params:
  SquaredFNorm_lam: 1.0e-05
  cell_model: CellModel.constant
  loss_fn: LogisticLoss
  max_iters: 100000
  mu: 8.903593255411486
  n_cells: 19
  n_partitions: 23
  partitioner: GBPartition
  random_state: 0
  verbose: false
test_score: 1.1920929665620916e-07
train_time: 0.37656092643737793
val_score: 1.192092966562092e-07
