contains_categorical: postprocessed
dummy_loss: 13.63813912020649
dummy_metadata:
  auc: 0.5
  zo_loss: 0.3783783783783784
metadata:
  n_epochs: 32
  test:
    auc: 0.7142857142857143
    zo_loss: 0.3513513513513513
  val:
    auc: 0.6690307328605201
    zo_loss: 0.3648648648648649
model_name: JOPLEn
params:
  Group21Norm_lam: 0.0010424444249962337
  cell_model: CellModel.linear
  loss_fn: LogisticLoss
  max_iters: 100000
  mu: 3.432795273329358
  n_cells: 23
  n_partitions: 1000
  partitioner: VPartition
  random_state: 0
  verbose: false
test_score: 0.6424646549873646
train_time: 0.6158864498138428
val_score: 0.6107585881212705
