contains_categorical: false
dummy_loss: 0.7738279064213827
dummy_metadata: {}
metadata:
  test: {}
  val: {}
model_name: MultiTaskTrees
params:
  alpha: 0.0005189111846976993
  batch_size: 64
  depth: 1
  epochs: 10000
  learning_rate: 0.00644135452635191
  loss_criteria: mse
  num_tasks: 1
  num_trees: 1000
  power: 0.0006150314356943814
test_score: 0.994748264891657
train_time: 2.3889036178588867
val_score: 0.6822701883291544
