contains_categorical: false
dummy_loss: 17.163644471008165
dummy_metadata:
  auc: 0.5
  zo_loss: 0.47619047619047616
metadata:
  n_epochs: 127
  test:
    auc: 0.9636363636363636
    zo_loss: 0.09523809523809523
  val:
    auc: 0.9772727272727273
    zo_loss: 0.09523809523809523
model_name: JOPLEn
params:
  SquaredFNorm_lam: 0.1664521535661838
  SquaredLaplacian_lam: 2.8851934165018254e-05
  SquaredLaplacian_laplacian_type: LaplacianType.NORMALIZED
  SquaredLaplacian_sigma: 0.003331040001335926
  cell_model: CellModel.linear
  loss_fn: LogisticLoss
  max_iters: 100000
  mu: 1.0
  n_cells: 26
  n_partitions: 579
  partitioner: VPartition
  random_state: 0
  verbose: false
test_score: 0.23352712777010262
train_time: 0.7277193069458008
val_score: 0.204082510070146
