contains_categorical: postprocessed
dummy_loss: 13.14091529811563
dummy_metadata:
  auc: 0.5
  zo_loss: 0.36458333333333337
metadata:
  n_epochs: 116
  test:
    auc: 0.9868852459016394
    zo_loss: 0.05208333333333337
  val:
    auc: 0.9835041828679156
    zo_loss: 0.0625
model_name: JOPLEn
params:
  SquaredFNorm_lam: 0.02928289273393697
  cell_model: CellModel.constant
  loss_fn: LogisticLoss
  max_iters: 100000
  mu: 5.723087220461662
  n_cells: 4
  n_partitions: 74
  partitioner: GBPartition
  random_state: 0
  verbose: false
test_score: 0.1536952790397411
train_time: 0.5960557460784912
val_score: 0.15798636469588845
