contains_categorical: false
dummy_loss: 13.27924072230632
dummy_metadata:
  auc: 0.5
  zo_loss: 0.368421052631579
metadata:
  n_epochs: 242
  test:
    auc: 0.9523809523809523
    zo_loss: 0.03508771929824561
  val:
    auc: 0.9963969865705863
    zo_loss: 0.00877192982456143
model_name: JOPLEn
params:
  SquaredFNorm_lam: 1.9874167364897861
  SquaredLaplacian_lam: 1.0e-05
  SquaredLaplacian_laplacian_type: LaplacianType.NORMALIZED
  SquaredLaplacian_sigma: 0.002945120671781327
  cell_model: CellModel.linear
  loss_fn: LogisticLoss
  max_iters: 100000
  mu: 3.021290343548252
  n_cells: 4
  n_partitions: 414
  partitioner: LinearForestPartition
  random_state: 0
  verbose: false
test_score: 0.2547697676162558
train_time: 1.5849335193634033
val_score: 0.05684935504884318
