contains_categorical: postprocessed
dummy_loss: 6.007275564852859
dummy_metadata:
  auc: 0.5
  zo_loss: 0.16666666666666663
metadata:
  n_epochs: 112
  test:
    auc: 0.6333333333333333
    zo_loss: 0.16666666666666663
  val:
    auc: 0.6129032258064516
    zo_loss: 0.13888888888888884
model_name: JOPLEn
params:
  Group21Norm_lam: 1000.0
  cell_model: CellModel.linear
  loss_fn: LogisticLoss
  max_iters: 100000
  mu: 2.749153144175702
  n_cells: 5
  n_partitions: 10
  partitioner: RFPartition
  random_state: 0
  verbose: false
test_score: 0.4379256612381238
train_time: 0.29545068740844727
val_score: 0.3876521521703946
