contains_categorical: false
dummy_loss: 18.74269976234092
dummy_metadata:
  auc: 0.5
  zo_loss: 0.52
metadata:
  n_epochs: 108
  test:
    auc: 0.9743589743589742
    zo_loss: 0.16000000000000003
  val:
    auc: 0.952
    zo_loss: 0.14
model_name: JOPLEn
params:
  L1Norm_lam: 5.785169774782932e-05
  cell_model: CellModel.constant
  loss_fn: LogisticLoss
  max_iters: 100000
  mu: 1.0225501724428419
  n_cells: 16
  n_partitions: 61
  partitioner: LinearForestPartition
  random_state: 0
  verbose: false
test_score: 0.4602071170268022
train_time: 0.34647297859191895
val_score: 0.28812834718680813
