contains_categorical: postprocessed
dummy_loss: 6.758185010459466
dummy_metadata:
  auc: 0.5
  zo_loss: 0.1875
metadata:
  n_epochs: 842
  test:
    auc: 0.6153846153846154
    zo_loss: 0.125
  val:
    auc: 0.78
    zo_loss: 0.12903225806451613
model_name: JOPLEn
params:
  L1Norm_lam: 8.101009322972582e-05
  cell_model: CellModel.constant
  loss_fn: LogisticLoss
  max_iters: 100000
  mu: 1.0e-05
  n_cells: 2
  n_partitions: 104
  partitioner: VPartition
  random_state: 0
  verbose: false
test_score: 0.4693366420728822
train_time: 2.1372480392456055
val_score: 0.4170417612416615
