contains_categorical: postprocessed
dummy_loss: 0.5721214823669392
dummy_metadata:
  auc: 0.5
  zo_loss: 0.015873015873015928
metadata:
  n_epochs: 9111
  test:
    auc: 0.9753584229390682
    zo_loss: 0.01851851851851849
  val:
    auc: 0.8954964061096137
    zo_loss: 0.01326259946949604
model_name: JOPLEn
params:
  L1Norm_lam: 0.0008145630394551024
  cell_model: CellModel.constant
  loss_fn: LogisticLoss
  max_iters: 100000
  mu: 1.0e-05
  n_cells: 7
  n_partitions: 102
  partitioner: RFPartition
  random_state: 0
  verbose: false
test_score: 0.0478656769563696
train_time: 22.70521593093872
val_score: 0.04673640424408456
