contains_categorical: postprocessed
dummy_loss: 12.014551129705717
dummy_metadata:
  auc: 0.5
  zo_loss: 0.33333333333333337
metadata:
  n_epochs: 106
  test:
    auc: 0.921875
    zo_loss: 0.16666666666666663
  val:
    auc: 1.0
    zo_loss: 0.04166666666666663
model_name: JOPLEn
params:
  Group21Norm_lam: 1000.0
  cell_model: CellModel.linear
  loss_fn: LogisticLoss
  max_iters: 100000
  mu: 5.3597818759542974
  n_cells: 14
  n_partitions: 106
  partitioner: VPartition
  random_state: 0
  verbose: false
test_score: 0.33863296982300367
train_time: 0.3644721508026123
val_score: 0.06106771973270536
