contains_categorical: false
dummy_loss: 17.163644471008165
dummy_metadata:
  auc: 0.5
  zo_loss: 0.47619047619047616
metadata:
  n_epochs: 182
  test:
    auc: 0.9090909090909091
    zo_loss: 0.19047619047619047
  val:
    auc: 0.9295454545454546
    zo_loss: 0.11904761904761907
model_name: JOPLEn
params:
  SquaredFNorm_lam: 0.0018413891398085483
  cell_model: CellModel.constant
  loss_fn: LogisticLoss
  max_iters: 100000
  mu: 1.0916953497861044
  n_cells: 20
  n_partitions: 1000
  partitioner: RFPartition
  random_state: 0
  verbose: false
test_score: 0.45328632325625273
train_time: 1.3071527481079102
val_score: 0.32413080764164404
