contains_categorical: false
dummy_loss: 12.638683655924195
dummy_metadata:
  auc: 0.5
  zo_loss: 0.35064935064935066
metadata:
  n_epochs: 116
  test:
    auc: 0.8607407407407408
    zo_loss: 0.22077922077922074
  val:
    auc: 0.8672222222222222
    zo_loss: 0.2012987012987013
model_name: JOPLEn
params:
  Group21Norm_lam: 8.711130089750085
  cell_model: CellModel.linear
  loss_fn: LogisticLoss
  max_iters: 100000
  mu: 1.0
  n_cells: 21
  n_partitions: 40
  partitioner: VPartition
  random_state: 0
  verbose: false
test_score: 0.4367308384165712
train_time: 0.3588275909423828
val_score: 0.43112445998509846
