contains_categorical: postprocessed
dummy_loss: 2.1633525431921794
dummy_metadata:
  auc: 0.5
  zo_loss: 0.0600203458799593
metadata:
  n_epochs: 663
  test:
    auc: 0.638243818328564
    zo_loss: 0.0600203458799593
  val:
    auc: 0.6424702058504875
    zo_loss: 0.05960264900662249
model_name: JOPLEn
params:
  SquaredFNorm_lam: 6.757751472148805e-05
  SquaredLaplacian_lam: 0.00023735561270530212
  SquaredLaplacian_laplacian_type: LaplacianType.LEFT_NORMALIZED
  SquaredLaplacian_sigma: 0.14665154015408344
  cell_model: CellModel.constant
  loss_fn: LogisticLoss
  max_iters: 100000
  mu: 9.387256882813512
  n_cells: 4
  n_partitions: 368
  partitioner: GBPartition
  random_state: 0
  verbose: false
test_score: 0.22141423037056393
train_time: 6.342735052108765
val_score: 0.21811338169156844
