contains_categorical: postprocessed
dummy_loss: 16.277778949923874
dummy_metadata:
  auc: 0.5
  zo_loss: 0.4516129032258065
metadata:
  n_epochs: 107
  test:
    auc: 0.73109243697479
    zo_loss: 0.29032258064516125
  val:
    auc: 0.7911255411255411
    zo_loss: 0.2295081967213115
model_name: JOPLEn
params:
  L1Norm_lam: 1.0e-05
  cell_model: CellModel.constant
  loss_fn: LogisticLoss
  max_iters: 100000
  mu: 1.3246190931267596
  n_cells: 9
  n_partitions: 13
  partitioner: VPartition
  random_state: 0
  verbose: false
test_score: 0.6037394807703079
train_time: 0.2754051685333252
val_score: 0.5414252776859574
