contains_categorical: false
dummy_loss: 15.769098357738756
dummy_metadata:
  auc: 0.5
  zo_loss: 0.4375
metadata:
  n_epochs: 666
  test:
    auc: 1.0
    zo_loss: 0.0
  val:
    auc: 1.0
    zo_loss: 0.0
model_name: JOPLEn
params:
  SquaredFNorm_lam: 3.489221217027384e-05
  SquaredLaplacian_lam: 0.00030761263533072273
  SquaredLaplacian_laplacian_type: LaplacianType.NORMALIZED
  SquaredLaplacian_sigma: 0.23888422540192616
  cell_model: CellModel.constant
  loss_fn: LogisticLoss
  max_iters: 100000
  mu: 1.1738718527680623
  n_cells: 8
  n_partitions: 192
  partitioner: LinearForestPartition
  random_state: 0
  verbose: false
test_score: 0.003560824084998708
train_time: 3.8127572536468506
val_score: 0.0008696460356075689
