contains_categorical: postprocessed
dummy_loss: 7.20873067782343
dummy_metadata:
  auc: 0.5
  zo_loss: 0.19999999999999996
metadata:
  n_epochs: 103
  test:
    auc: 1.0
    zo_loss: 0.0
  val:
    auc: 0.9500000000000001
    zo_loss: 0.10526315789473684
model_name: JOPLEn
params:
  SquaredFNorm_lam: 0.0004149720259759993
  cell_model: CellModel.linear
  loss_fn: LogisticLoss
  max_iters: 100000
  mu: 1.0
  n_cells: 2
  n_partitions: 10
  partitioner: VPartition
  random_state: 0
  verbose: false
test_score: 0.046485872935444636
train_time: 0.2702600955963135
val_score: 0.18402343122835224
