contains_categorical: postprocessed
dummy_loss: 6.758185010459466
dummy_metadata:
  auc: 0.5
  zo_loss: 0.1875
metadata:
  n_epochs: 104
  test:
    auc: 0.5128205128205128
    zo_loss: 0.1875
  val:
    auc: 0.7266666666666667
    zo_loss: 0.19354838709677424
model_name: JOPLEn
params:
  SquaredFNorm_lam: 0.5634054883635774
  SquaredLaplacian_lam: 0.024700805737051336
  SquaredLaplacian_laplacian_type: LaplacianType.STANDARD
  SquaredLaplacian_sigma: 5.94139157875592
  cell_model: CellModel.linear
  loss_fn: LogisticLoss
  max_iters: 100000
  mu: 1.0
  n_cells: 5
  n_partitions: 18
  partitioner: VPartition
  random_state: 0
  verbose: false
test_score: 0.5218519524788793
train_time: 0.3487710952758789
val_score: 0.43730223757348635
