contains_categorical: postprocessed
dummy_loss: 13.63813912020649
dummy_metadata:
  auc: 0.5
  zo_loss: 0.3783783783783784
metadata:
  n_epochs: 282
  test:
    auc: 0.7298136645962733
    zo_loss: 0.2702702702702703
  val:
    auc: 0.7218282111899134
    zo_loss: 0.2567567567567568
model_name: JOPLEn
params:
  SquaredFNorm_lam: 1000.0
  cell_model: CellModel.linear
  loss_fn: LogisticLoss
  max_iters: 100000
  mu: 0.7927274268694313
  n_cells: 4
  n_partitions: 22
  partitioner: LinearForestPartition
  random_state: 0
  verbose: false
test_score: 0.5788189968946619
train_time: 0.7490339279174805
val_score: 0.5836308936910574
