contains_categorical: postprocessed
dummy_loss: 6.007275564852859
dummy_metadata:
  auc: 0.5
  zo_loss: 0.16666666666666663
metadata:
  n_epochs: 116
  test:
    auc: 0.6
    zo_loss: 0.2222222222222222
  val:
    auc: 0.7419354838709679
    zo_loss: 0.13888888888888884
model_name: JOPLEn
params:
  SquaredFNorm_lam: 0.003716615272391673
  SquaredLaplacian_lam: 0.002725300654253357
  SquaredLaplacian_laplacian_type: LaplacianType.LEFT_NORMALIZED
  SquaredLaplacian_sigma: 0.13411412597645317
  cell_model: CellModel.constant
  loss_fn: LogisticLoss
  max_iters: 100000
  mu: 6.777665241162257
  n_cells: 10
  n_partitions: 590
  partitioner: VPartition
  random_state: 0
  verbose: false
test_score: 0.48788052978829666
train_time: 0.626093864440918
val_score: 0.35916252972474133
