contains_categorical: postprocessed
dummy_loss: 13.01576372384786
dummy_metadata:
  auc: 0.5
  zo_loss: 0.36111111111111116
metadata:
  n_epochs: 398
  test:
    auc: 0.9464882943143813
    zo_loss: 0.2222222222222222
  val:
    auc: 0.9795555555555556
    zo_loss: 0.02857142857142858
model_name: JOPLEn
params:
  Group21Norm_lam: 1000.0
  SquaredFNorm_lam: 1.0e-05
  cell_model: CellModel.linear
  loss_fn: LogisticLoss
  max_iters: 100000
  n_cells: 32
  n_partitions: 134
  partitioner: LinearForestPartition
  random_state: 0
  verbose: false
test_score: 0.364278307343915
train_time: 1.597681999206543
val_score: 0.1396217360012858
