contains_categorical: postprocessed
dummy_loss: 10.813096016735146
dummy_metadata:
  auc: 0.5
  zo_loss: 0.30000000000000004
metadata:
  n_epochs: 1795
  test:
    auc: 0.6380952380952382
    zo_loss: 0.31999999999999995
  val:
    auc: 0.7494642857142857
    zo_loss: 0.28500000000000003
model_name: JOPLEn
params:
  L1Norm_lam: 0.00013462963117028494
  cell_model: CellModel.constant
  loss_fn: LogisticLoss
  max_iters: 100000
  mu: 1.0e-05
  n_cells: 5
  n_partitions: 223
  partitioner: RFPartition
  random_state: 0
  verbose: false
test_score: 0.6013860500112239
train_time: 4.787297010421753
val_score: 0.5311748679054569
