contains_categorical: postprocessed
dummy_loss: 12.014551129705717
dummy_metadata:
  auc: 0.5
  zo_loss: 0.33333333333333337
metadata:
  n_epochs: 216
  test:
    auc: 0.921875
    zo_loss: 0.25
  val:
    auc: 0.9765625
    zo_loss: 0.08333333333333337
model_name: JOPLEn
params:
  SquaredFNorm_lam: 1.0e-05
  SquaredLaplacian_lam: 5.678858999891631e-05
  SquaredLaplacian_laplacian_type: LaplacianType.STANDARD
  SquaredLaplacian_sigma: 1.0e-05
  cell_model: CellModel.constant
  loss_fn: LogisticLoss
  max_iters: 100000
  mu: 8.872038824085521
  n_cells: 31
  n_partitions: 14
  partitioner: GBPartition
  random_state: 0
  verbose: false
test_score: 0.45425637568851734
train_time: 0.6818561553955078
val_score: 0.1963030033012597
