contains_categorical: postprocessed
dummy_loss: 15.859207491211547
dummy_metadata:
  auc: 0.5
  zo_loss: 0.43999999999999995
metadata:
  n_epochs: 154
  test:
    auc: 0.702922077922078
    zo_loss: 0.30000000000000004
  val:
    auc: 0.7479707792207793
    zo_loss: 0.29000000000000004
model_name: JOPLEn
params:
  L1Norm_lam: 0.0017473320201631688
  cell_model: CellModel.constant
  loss_fn: LogisticLoss
  max_iters: 100000
  mu: 1.4791271684414402
  n_cells: 2
  n_partitions: 10
  partitioner: VPartition
  random_state: 0
  verbose: false
test_score: 0.6192718662826332
train_time: 0.4352378845214844
val_score: 0.5829121165251565
