contains_categorical: postprocessed
dummy_loss: 21.626192033470293
dummy_metadata:
  auc: 0.5
  zo_loss: 0.6
metadata:
  n_epochs: 30
  test:
    auc: 0.3333333333333333
    zo_loss: 0.4
  val:
    auc: 0.6
    zo_loss: 0.4
model_name: JOPLEn
params:
  Group21Norm_lam: 1.0e-05
  cell_model: CellModel.linear
  loss_fn: LogisticLoss
  max_iters: 100000
  mu: 5.642561522717489
  n_cells: 32
  n_partitions: 200
  partitioner: VPartition
  random_state: 0
  verbose: false
test_score: 0.7557039935112815
train_time: 0.20206832885742188
val_score: 0.6438782224307212
