contains_categorical: postprocessed
dummy_loss: 5.118198781254636
dummy_metadata:
  auc: 0.5
  zo_loss: 0.14200000000000002
metadata:
  n_epochs: 137
  test:
    auc: 0.7720870678617158
    zo_loss: 0.10399999999999998
  val:
    auc: 0.7925697234207871
    zo_loss: 0.10010010010010006
model_name: JOPLEn
params:
  SquaredFNorm_lam: 0.0008674926663502085
  SquaredLaplacian_lam: 0.0006945667299992046
  SquaredLaplacian_laplacian_type: LaplacianType.LEFT_NORMALIZED
  SquaredLaplacian_sigma: 0.02030831467847509
  cell_model: CellModel.constant
  loss_fn: LogisticLoss
  max_iters: 100000
  mu: 9.21402291698946
  n_cells: 16
  n_partitions: 103
  partitioner: LinearForestPartition
  random_state: 0
  verbose: false
test_score: 0.3081677444547137
train_time: 2.2112302780151367
val_score: 0.30036829145997973
