contains_categorical: postprocessed
dummy_loss: 13.63813912020649
dummy_metadata:
  auc: 0.5
  zo_loss: 0.3783783783783784
metadata:
  n_epochs: 136
  test:
    auc: 0.6583850931677018
    zo_loss: 0.32432432432432434
  val:
    auc: 0.6934594168636722
    zo_loss: 0.33783783783783783
model_name: JOPLEn
params:
  Group21Norm_lam: 30.62552288730987
  cell_model: CellModel.linear
  loss_fn: LogisticLoss
  max_iters: 100000
  mu: 1.0
  n_cells: 2
  n_partitions: 1000
  partitioner: VPartition
  random_state: 0
  verbose: false
test_score: 0.6194523675294757
train_time: 0.9741027355194092
val_score: 0.5997101825846117
