contains_categorical: false
dummy_loss: 14.229815437785946
dummy_metadata:
  auc: 0.5
  zo_loss: 0.3947939262472885
metadata:
  n_epochs: 177
  test:
    auc: 0.9633798101540038
    zo_loss: 0.08242950108459868
  val:
    auc: 0.9852224796530625
    zo_loss: 0.04239130434782612
model_name: JOPLEn
params:
  SquaredFNorm_lam: 0.00043844115809361684
  cell_model: CellModel.constant
  loss_fn: LogisticLoss
  max_iters: 100000
  mu: 9.316414225960942
  n_cells: 16
  n_partitions: 1000
  partitioner: LinearForestPartition
  random_state: 0
  verbose: false
test_score: 0.25195601030274933
train_time: 13.818430662155151
val_score: 0.13605268648720015
