contains_categorical: postprocessed
dummy_loss: 12.191235705142565
dummy_metadata:
  auc: 0.5
  zo_loss: 0.3382352941176471
metadata:
  n_epochs: 126
  test:
    auc: 0.6164251207729469
    zo_loss: 0.3529411764705882
  val:
    auc: 0.6461728395061729
    zo_loss: 0.3555555555555555
model_name: JOPLEn
params:
  SquaredFNorm_lam: 0.0009447623174878716
  SquaredLaplacian_lam: 6.700509148704416e-05
  SquaredLaplacian_laplacian_type: LaplacianType.LEFT_NORMALIZED
  SquaredLaplacian_sigma: 0.008617588245606924
  cell_model: CellModel.constant
  loss_fn: LogisticLoss
  max_iters: 100000
  mu: 10.0
  n_cells: 2
  n_partitions: 191
  partitioner: LinearForestPartition
  random_state: 0
  verbose: false
test_score: 0.6249049313698434
train_time: 0.576209306716919
val_score: 0.6125060535866882
