contains_categorical: false
dummy_loss: 12.638683655924195
dummy_metadata:
  auc: 0.5
  zo_loss: 0.35064935064935066
metadata:
  n_epochs: 190
  test:
    auc: 0.8962962962962963
    zo_loss: 0.18181818181818177
  val:
    auc: 0.8662962962962962
    zo_loss: 0.18831168831168832
model_name: JOPLEn
params:
  SquaredFNorm_lam: 134.61457535264356
  SquaredLaplacian_lam: 0.0022797091270618966
  SquaredLaplacian_laplacian_type: LaplacianType.LEFT_NORMALIZED
  SquaredLaplacian_sigma: 0.0008513401407744177
  cell_model: CellModel.linear
  loss_fn: LogisticLoss
  max_iters: 100000
  mu: 1.0
  n_cells: 11
  n_partitions: 64
  partitioner: VPartition
  random_state: 0
  verbose: false
test_score: 0.4206974261422651
train_time: 0.6778452396392822
val_score: 0.4325138430505171
