contains_categorical: postprocessed
dummy_loss: 16.19352543569032
dummy_metadata:
  auc: 0.5
  zo_loss: 0.4492753623188406
metadata:
  n_epochs: 110
  test:
    auc: 0.8803056027164686
    zo_loss: 0.2028985507246377
  val:
    auc: 0.877368533106238
    zo_loss: 0.18840579710144922
model_name: JOPLEn
params:
  GroupInf1Norm_lam: 0.00015525363072416864
  cell_model: CellModel.linear
  loss_fn: LogisticLoss
  max_iters: 100000
  mu: 6.046638269288679
  n_cells: 10
  n_partitions: 76
  partitioner: RFPartition
  random_state: 0
  verbose: false
test_score: 0.45367364569843466
train_time: 0.4191615581512451
val_score: 0.4227321617946148
