contains_categorical: false
dummy_loss: 16.961719241937484
dummy_metadata:
  auc: 0.5
  zo_loss: 0.47058823529411764
metadata:
  n_epochs: 131
  test:
    auc: 0.9166666666666666
    zo_loss: 0.11764705882352944
  val:
    auc: 0.9111111111111111
    zo_loss: 0.21212121212121215
model_name: JOPLEn
params:
  Group21Norm_lam: 110.78385702663543
  cell_model: CellModel.linear
  loss_fn: LogisticLoss
  max_iters: 100000
  mu: 8.23585716608897
  n_cells: 2
  n_partitions: 303
  partitioner: VPartition
  random_state: 0
  verbose: false
test_score: 0.45074958231977164
train_time: 0.45865488052368164
val_score: 0.4492722612734599
