contains_categorical: postprocessed
dummy_loss: 12.35782401912588
dummy_metadata:
  auc: 0.5
  zo_loss: 0.34285714285714286
metadata:
  n_epochs: 123
  test:
    auc: 1.0
    zo_loss: 0.0
  val:
    auc: 0.979393115942029
    zo_loss: 0.08571428571428574
model_name: JOPLEn
params:
  SquaredFNorm_lam: 2.0433488258096984e-05
  cell_model: CellModel.constant
  loss_fn: LogisticLoss
  max_iters: 100000
  mu: 3.14423742162228
  n_cells: 17
  n_partitions: 43
  partitioner: GBPartition
  random_state: 0
  verbose: false
test_score: 0.047424324484086455
train_time: 0.3588237762451172
val_score: 0.1825139594667694
