contains_categorical: false
dummy_loss: 17.163644471008165
dummy_metadata:
  auc: 0.5
  zo_loss: 0.47619047619047616
metadata:
  n_epochs: 125
  test:
    auc: 0.8545454545454546
    zo_loss: 0.23809523809523814
  val:
    auc: 0.9431818181818181
    zo_loss: 0.11904761904761907
model_name: JOPLEn
params:
  GroupInf1Norm_lam: 156.56088702717489
  cell_model: CellModel.linear
  loss_fn: LogisticLoss
  max_iters: 100000
  mu: 8.543304377748882
  n_cells: 3
  n_partitions: 1000
  partitioner: RFPartition
  random_state: 0
  verbose: false
test_score: 0.5419466514979415
train_time: 1.0748786926269531
val_score: 0.31990892901691653
