contains_categorical: false
dummy_loss: 1.0341320406767156
dummy_metadata: {}
metadata:
  test: {}
  val: {}
model_name: MultiTaskTrees
params:
  alpha: 10.0
  batch_size: 64
  depth: 1
  epochs: 10000
  learning_rate: 0.001
  loss_criteria: mse
  num_tasks: 1
  num_trees: 7
  power: 6.810521388406162
test_score: 0.8802204063587179
train_time: 2.1963417530059814
val_score: 0.8596851671525595
