contains_categorical: postprocessed
dummy_loss: 21.626192033470293
dummy_metadata:
  auc: 0.5
  zo_loss: 0.6
metadata:
  n_epochs: 117
  test:
    auc: 0.6666666666666666
    zo_loss: 0.6
  val:
    auc: 0.6799999999999999
    zo_loss: 0.30000000000000004
model_name: JOPLEn
params:
  SquaredFNorm_lam: 1.744368387464397
  SquaredLaplacian_lam: 0.035999124333008094
  SquaredLaplacian_laplacian_type: LaplacianType.NORMALIZED
  SquaredLaplacian_sigma: 0.003947344741204735
  cell_model: CellModel.constant
  loss_fn: LogisticLoss
  max_iters: 100000
  mu: 7.199872335117592
  n_cells: 17
  n_partitions: 391
  partitioner: VPartition
  random_state: 0
  verbose: false
test_score: 0.7839991411447877
train_time: 0.8705248832702637
val_score: 0.6418808960600345
