contains_categorical: postprocessed
dummy_loss: 13.21600624267629
dummy_metadata:
  auc: 0.5
  zo_loss: 0.3666666666666667
metadata:
  n_epochs: 107
  test:
    auc: 0.8229665071770336
    zo_loss: 0.23333333333333328
  val:
    auc: 0.8721804511278196
    zo_loss: 0.23728813559322037
model_name: JOPLEn
params:
  SquaredFNorm_lam: 0.0008200326578812323
  SquaredLaplacian_lam: 0.02137985257836475
  SquaredLaplacian_laplacian_type: LaplacianType.STANDARD
  SquaredLaplacian_sigma: 22.46995827278825
  cell_model: CellModel.linear
  loss_fn: LogisticLoss
  max_iters: 100000
  mu: 1.0
  n_cells: 5
  n_partitions: 10
  partitioner: VPartition
  random_state: 0
  verbose: false
test_score: 0.46017962822012887
train_time: 0.34925103187561035
val_score: 0.45657381895368243
