contains_categorical: postprocessed
dummy_loss: 2.1633525431921794
dummy_metadata:
  auc: 0.5
  zo_loss: 0.0600203458799593
metadata:
  n_epochs: 164
  test:
    auc: 0.6409035879374863
    zo_loss: 0.0600203458799593
  val:
    auc: 0.6466418497837783
    zo_loss: 0.05960264900662249
model_name: JOPLEn
params:
  L1Norm_lam: 1.0e-05
  cell_model: CellModel.constant
  loss_fn: LogisticLoss
  max_iters: 100000
  mu: 5.773604460629202
  n_cells: 28
  n_partitions: 257
  partitioner: RFPartition
  random_state: 0
  verbose: false
test_score: 0.221881399760763
train_time: 3.734915018081665
val_score: 0.21791258342294745
