contains_categorical: postprocessed
dummy_loss: 7.20873067782343
dummy_metadata:
  auc: 0.5
  zo_loss: 0.19999999999999996
metadata:
  n_epochs: 107
  test:
    auc: 0.9375
    zo_loss: 0.09999999999999998
  val:
    auc: 0.9733333333333334
    zo_loss: 0.15000000000000002
model_name: JOPLEn
params:
  SquaredFNorm_lam: 4.05448696849017e-05
  cell_model: CellModel.constant
  loss_fn: LogisticLoss
  max_iters: 100000
  mu: 7.175912466548325
  n_cells: 4
  n_partitions: 16
  partitioner: LinearForestPartition
  random_state: 0
  verbose: false
test_score: 0.19256562850195066
train_time: 0.28544163703918457
val_score: 0.23676516808731765
