contains_categorical: false
dummy_loss: 16.019401506274292
dummy_metadata:
  auc: 0.5
  zo_loss: 0.4444444444444444
metadata:
  n_epochs: 48
  test:
    auc: 0.65
    zo_loss: 0.33333333333333337
  val:
    auc: 0.935064935064935
    zo_loss: 0.16666666666666663
model_name: JOPLEn
params:
  Group21Norm_lam: 1.4436645397496506e-05
  cell_model: CellModel.linear
  loss_fn: LogisticLoss
  max_iters: 100000
  mu: 7.314536207032426
  n_cells: 2
  n_partitions: 1000
  partitioner: VPartition
  random_state: 0
  verbose: false
test_score: 0.5953146384652643
train_time: 0.5903730392456055
val_score: 0.37042075600973956
