contains_categorical: false
dummy_loss: 21.626192033470293
dummy_metadata:
  auc: 0.5
  zo_loss: 0.6
metadata:
  test:
    auc: 1.0
    zo_loss: 0.0
  val:
    auc: 0.8600000000000001
    zo_loss: 0.19999999999999996
model_name: GradientBoostingClassifier
params:
  ccp_alpha: 0.024502445775443624
  criterion: friedman_mse
  learning_rate: 0.5345065674507369
  loss: log_loss
  max_depth: 3
  max_leaf_nodes: 15
  n_estimators: 264
  random_state: 0
test_score: 0.1833635893713474
train_time: 0.07387375831604004
val_score: 0.42048751537537193
