contains_categorical: false
dummy_loss: 12.638683655924195
dummy_metadata:
  auc: 0.5
  zo_loss: 0.35064935064935066
metadata:
  n_epochs: 632
  test:
    auc: 0.8148148148148149
    zo_loss: 0.22077922077922074
  val:
    auc: 0.8250000000000001
    zo_loss: 0.2532467532467533
model_name: JOPLEn
params:
  SquaredFNorm_lam: 0.35541512038986556
  SquaredLaplacian_lam: 1.8095602770812137e-05
  SquaredLaplacian_laplacian_type: LaplacianType.NORMALIZED
  SquaredLaplacian_sigma: 4.574983443250765e-05
  cell_model: CellModel.constant
  loss_fn: LogisticLoss
  max_iters: 100000
  mu: 1.0e-05
  n_cells: 21
  n_partitions: 974
  partitioner: VPartition
  random_state: 0
  verbose: false
test_score: 0.4989395249365323
train_time: 3.739114284515381
val_score: 0.4830521999168081
