contains_categorical: postprocessed
dummy_loss: 2.669900251045715
dummy_metadata:
  auc: 0.5
  zo_loss: 0.07407407407407407
metadata:
  n_epochs: 100000
  test:
    auc: 0.96
    zo_loss: 0.07407407407407407
  val:
    auc: 0.9999999999999999
    zo_loss: 0.0
model_name: JOPLEn
params:
  SquaredFNorm_lam: 0.09033034594311537
  cell_model: CellModel.linear
  loss_fn: LogisticLoss
  max_iters: 100000
  mu: 3.1385243008479478
  n_cells: 8
  n_partitions: 150
  partitioner: LinearForestPartition
  random_state: 0
  verbose: false
test_score: 1.180917529110737
train_time: 251.61092162132263
val_score: 1.192092966562092e-07
