contains_categorical: postprocessed
dummy_loss: 11.15636890615531
dummy_metadata:
  auc: 0.5
  zo_loss: 0.30952380952380953
metadata:
  n_epochs: 636
  test:
    auc: 0.6280106100795755
    zo_loss: 0.2523809523809524
  val:
    auc: 0.650702864841506
    zo_loss: 0.2857142857142857
model_name: JOPLEn
params:
  GroupInf1Norm_lam: 1.4589546329569799e-05
  SquaredFNorm_lam: 9.281728908889171
  cell_model: CellModel.linear
  loss_fn: LogisticLoss
  max_iters: 100000
  n_cells: 8
  n_partitions: 15
  partitioner: LinearForestPartition
  random_state: 0
  verbose: false
test_score: 0.5812485723637595
train_time: 3.040173292160034
val_score: 0.5922705111421814
