contains_categorical: postprocessed
dummy_loss: 12.35782401912588
dummy_metadata:
  auc: 0.5
  zo_loss: 0.34285714285714286
metadata:
  n_epochs: 121
  test:
    auc: 0.9180253623188406
    zo_loss: 0.09999999999999998
  val:
    auc: 0.9787137681159419
    zo_loss: 0.05714285714285716
model_name: JOPLEn
params:
  SquaredFNorm_lam: 1.0e-05
  cell_model: CellModel.linear
  loss_fn: LogisticLoss
  max_iters: 100000
  mu: 4.284936915634329
  n_cells: 4
  n_partitions: 213
  partitioner: LinearForestPartition
  random_state: 0
  verbose: false
test_score: 0.294517664004752
train_time: 0.4815988540649414
val_score: 0.166584183288328
