contains_categorical: false
dummy_loss: 10.593236393474356
dummy_metadata:
  auc: 0.5
  zo_loss: 0.2939001848428835
metadata:
  n_epochs: 176
  test:
    auc: 0.9331555204320194
    zo_loss: 0.12199630314232901
  val:
    auc: 0.926419454998739
    zo_loss: 0.1333333333333333
model_name: JOPLEn
params:
  SquaredFNorm_lam: 0.0016152055911163323
  cell_model: CellModel.constant
  loss_fn: LogisticLoss
  max_iters: 100000
  mu: 10.0
  n_cells: 29
  n_partitions: 870
  partitioner: GBPartition
  random_state: 0
  verbose: false
test_score: 0.29798230999033914
train_time: 9.928199768066406
val_score: 0.3203323629931008
