contains_categorical: postprocessed
dummy_loss: 10.813096016735146
dummy_metadata:
  auc: 0.5
  zo_loss: 0.30000000000000004
metadata:
  n_epochs: 126
  test:
    auc: 0.569047619047619
    zo_loss: 0.32999999999999996
  val:
    auc: 0.7260119047619048
    zo_loss: 0.26
model_name: JOPLEn
params:
  SquaredFNorm_lam: 0.001697354150434548
  SquaredLaplacian_lam: 0.0004508418192299243
  SquaredLaplacian_laplacian_type: LaplacianType.LEFT_NORMALIZED
  SquaredLaplacian_sigma: 0.26084789805264663
  cell_model: CellModel.constant
  loss_fn: LogisticLoss
  max_iters: 100000
  mu: 8.908980023830054
  n_cells: 4
  n_partitions: 207
  partitioner: VPartition
  random_state: 0
  verbose: false
test_score: 0.6219297595339416
train_time: 0.6092250347137451
val_score: 0.5485838508307775
