contains_categorical: postprocessed
dummy_loss: 12.014551129705717
dummy_metadata:
  auc: 0.5
  zo_loss: 0.33333333333333337
metadata:
  n_epochs: 119
  test:
    auc: 1.0
    zo_loss: 0.0
  val:
    auc: 1.0
    zo_loss: 0.08333333333333337
model_name: JOPLEn
params:
  SquaredFNorm_lam: 0.008735187316163618
  cell_model: CellModel.linear
  loss_fn: LogisticLoss
  max_iters: 100000
  mu: 8.109486975948595
  n_cells: 2
  n_partitions: 722
  partitioner: GBPartition
  random_state: 0
  verbose: false
test_score: 0.06608843760895554
train_time: 0.48946237564086914
val_score: 0.19313483735653092
