contains_categorical: postprocessed
dummy_loss: 2.669900251045715
dummy_metadata:
  auc: 0.5
  zo_loss: 0.07407407407407407
metadata:
  test:
    auc: 0.9600000000000001
    zo_loss: 0.07407407407407407
  val:
    auc: 1.0
    zo_loss: 0.0
model_name: GradientBoostingClassifier
params:
  ccp_alpha: 0.00021324723427238712
  criterion: friedman_mse
  learning_rate: 1.0
  loss: log_loss
  max_depth: 4
  max_leaf_nodes: 10
  n_estimators: 231
  random_state: 0
test_score: 0.4689547804241273
train_time: 0.0763852596282959
val_score: 0.0002605137051628203
