contains_categorical: false
dummy_loss: 16.019401506274292
dummy_metadata:
  auc: 0.5
  zo_loss: 0.4444444444444444
metadata:
  test:
    auc: 0.55
    zo_loss: 0.2222222222222222
  val:
    auc: 0.8376623376623377
    zo_loss: 0.2222222222222222
model_name: RandomForestClassifier
params:
  ccp_alpha: 0.00011009842141901382
  criterion: log_loss
  max_depth: 3
  max_leaf_nodes: 14
  n_estimators: 1000
  n_jobs: -1
  random_state: 0
test_score: 0.6882944022708428
train_time: 0.7795729637145996
val_score: 0.5031646954329569
