contains_categorical: false
dummy_loss: 18.021826694558573
dummy_metadata:
  auc: 0.5
  zo_loss: 0.5
metadata:
  n_epochs: 946
  test:
    auc: 0.6664875033593121
    zo_loss: 0.38524590163934425
  val:
    auc: 0.7524076224301619
    zo_loss: 0.31404958677685946
model_name: JOPLEn
params:
  SquaredFNorm_lam: 0.0026193947491612397
  cell_model: CellModel.linear
  loss_fn: LogisticLoss
  max_iters: 100000
  mu: 7.8532140506711
  n_cells: 2
  n_partitions: 490
  partitioner: RFPartition
  random_state: 0
  verbose: false
test_score: 0.6828206568416673
train_time: 3.215916395187378
val_score: 0.5948862187857582
