contains_categorical: postprocessed
dummy_loss: 7.20873067782343
dummy_metadata:
  auc: 0.5
  zo_loss: 0.19999999999999996
metadata:
  n_epochs: 313
  test:
    auc: 1.0
    zo_loss: 0.0
  val:
    auc: 1.0
    zo_loss: 0.10526315789473684
model_name: JOPLEn
params:
  SquaredFNorm_lam: 121.57031945157625
  SquaredLaplacian_lam: 0.0006621732473669894
  SquaredLaplacian_laplacian_type: LaplacianType.LEFT_NORMALIZED
  SquaredLaplacian_sigma: 0.0005117554343359577
  cell_model: CellModel.linear
  loss_fn: LogisticLoss
  max_iters: 100000
  mu: 1.0
  n_cells: 2
  n_partitions: 29
  partitioner: VPartition
  random_state: 0
  verbose: false
test_score: 0.036720322074882863
train_time: 2.290191650390625
val_score: 0.19315665860291967
