contains_categorical: false
dummy_loss: 21.626192033470293
dummy_metadata:
  auc: 0.5
  zo_loss: 0.6
metadata:
  n_epochs: 114
  test:
    auc: 1.0
    zo_loss: 0.0
  val:
    auc: 0.9600000000000001
    zo_loss: 0.09999999999999998
model_name: JOPLEn
params:
  SquaredFNorm_lam: 1.0e-05
  cell_model: CellModel.linear
  loss_fn: LogisticLoss
  max_iters: 100000
  mu: 1.3133271876915564
  n_cells: 16
  n_partitions: 29
  partitioner: LinearForestPartition
  random_state: 0
  verbose: false
test_score: 0.007335946033720819
train_time: 0.35283732414245605
val_score: 0.19326602360757436
