contains_categorical: postprocessed
dummy_loss: 16.277778949923878
dummy_metadata:
  auc: 0.5
  zo_loss: 0.4516129032258065
metadata:
  n_epochs: 116
  test:
    auc: 0.7773109243697479
    zo_loss: 0.22580645161290325
  val:
    auc: 0.8106060606060606
    zo_loss: 0.3114754098360656
model_name: JOPLEn
params:
  SquaredFNorm_lam: 0.0013954521825550045
  SquaredLaplacian_lam: 0.000969443475494023
  SquaredLaplacian_laplacian_type: LaplacianType.LEFT_NORMALIZED
  SquaredLaplacian_sigma: 0.014705338461563381
  cell_model: CellModel.constant
  loss_fn: LogisticLoss
  max_iters: 100000
  mu: 8.34660110808356
  n_cells: 7
  n_partitions: 295
  partitioner: VPartition
  random_state: 0
  verbose: false
test_score: 0.5438206767674841
train_time: 0.5075254440307617
val_score: 0.5154740786722382
