contains_categorical: postprocessed
dummy_loss: 16.19352543569032
dummy_metadata:
  auc: 0.5
  zo_loss: 0.4492753623188406
metadata:
  n_epochs: 113
  test:
    auc: 0.8599320882852293
    zo_loss: 0.13043478260869568
  val:
    auc: 0.8711943793911007
    zo_loss: 0.17391304347826086
model_name: JOPLEn
params:
  GroupInf1Norm_lam: 0.003039794229970105
  cell_model: CellModel.linear
  loss_fn: LogisticLoss
  max_iters: 100000
  mu: 7.273518918358225
  n_cells: 17
  n_partitions: 490
  partitioner: RFPartition
  random_state: 0
  verbose: false
test_score: 0.4105414473223006
train_time: 0.8562667369842529
val_score: 0.4318851545418523
