contains_categorical: false
dummy_loss: 16.019401506274292
dummy_metadata:
  auc: 0.5
  zo_loss: 0.4444444444444444
metadata:
  n_epochs: 190
  test:
    auc: 0.7
    zo_loss: 0.33333333333333337
  val:
    auc: 0.8831168831168831
    zo_loss: 0.16666666666666663
model_name: JOPLEn
params:
  GroupInf1Norm_lam: 13.190164020683072
  cell_model: CellModel.linear
  loss_fn: LogisticLoss
  max_iters: 100000
  mu: 6.098880569289269
  n_cells: 3
  n_partitions: 10
  partitioner: RFPartition
  random_state: 0
  verbose: false
test_score: 0.7113721878302425
train_time: 0.5769970417022705
val_score: 0.3848130047523022
