contains_categorical: false
dummy_loss: 1.1381512275247851
dummy_metadata: {}
metadata:
  test: {}
  val: {}
model_name: XGBRegressor
params:
  early_stopping_rounds: 28
  learning_rate: 0.19447225380787292
  max_leaves: 20
  n_estimators: 84
  objective: reg:squarederror
  random_state: 0
  reg_alpha: 0.02139026265370707
  reg_lambda: 0.01059250511123199
  verbosity: 0
test_score: 0.2637490951888991
train_time: 1.334672451019287
val_score: 0.2898082980158637
