contains_categorical: postprocessed
dummy_loss: 16.277778949923874
dummy_metadata:
  auc: 0.5
  zo_loss: 0.4516129032258065
metadata:
  test:
    auc: 0.6890756302521008
    zo_loss: 0.32258064516129037
  val:
    auc: 0.8030303030303031
    zo_loss: 0.2295081967213115
model_name: LogisticRegression
params:
  C: 0.36271883744128725
  penalty: l2
  random_state: 0
test_score: 0.6606454210208095
train_time: 0.004065275192260742
val_score: 0.5351928962016091
