contains_categorical: postprocessed
dummy_loss: 10.813096016735146
dummy_metadata:
  auc: 0.5
  zo_loss: 0.30000000000000004
metadata:
  n_epochs: 705
  test:
    auc: 0.5904761904761904
    zo_loss: 0.32999999999999996
  val:
    auc: 0.6904761904761905
    zo_loss: 0.28500000000000003
model_name: JOPLEn
params:
  SquaredFNorm_lam: 0.0003124390746018958
  cell_model: CellModel.linear
  loss_fn: LogisticLoss
  max_iters: 100000
  mu: 1.0e-05
  n_cells: 14
  n_partitions: 624
  partitioner: GBPartition
  random_state: 0
  verbose: false
test_score: 0.6371725095737315
train_time: 3.1966440677642822
val_score: 0.5576055970632006
