contains_categorical: postprocessed
dummy_loss: 10.813096016735146
dummy_metadata:
  auc: 0.5
  zo_loss: 0.30000000000000004
metadata:
  n_epochs: 176
  test:
    auc: 0.5747619047619047
    zo_loss: 0.31000000000000005
  val:
    auc: 0.6857142857142858
    zo_loss: 0.31000000000000005
model_name: JOPLEn
params:
  Group21Norm_lam: 11.096094910236875
  SquaredFNorm_lam: 1.928161004143726
  cell_model: CellModel.linear
  loss_fn: LogisticLoss
  max_iters: 100000
  n_cells: 32
  n_partitions: 263
  partitioner: LinearForestPartition
  random_state: 0
  verbose: false
test_score: 0.6359253710899063
train_time: 1.0379078388214111
val_score: 0.5663314273666255
