contains_categorical: postprocessed
dummy_loss: 16.01940150627429
dummy_metadata:
  auc: 0.5
  zo_loss: 0.4444444444444444
metadata:
  n_epochs: 110
  test:
    auc: 0.85
    zo_loss: 0.2222222222222222
  val:
    auc: 0.8638888888888889
    zo_loss: 0.2407407407407407
model_name: JOPLEn
params:
  SquaredFNorm_lam: 1.0e-05
  cell_model: CellModel.linear
  loss_fn: LogisticLoss
  max_iters: 100000
  mu: 8.015445505022926
  n_cells: 2
  n_partitions: 139
  partitioner: LinearForestPartition
  random_state: 0
  verbose: false
test_score: 0.5354070894807729
train_time: 0.3791062831878662
val_score: 0.4689533428960019
