contains_categorical: false
dummy_loss: 21.626192033470293
dummy_metadata:
  auc: 0.5
  zo_loss: 0.6
metadata:
  test:
    auc: 1.0
    zo_loss: 0.0
  val:
    auc: 0.8400000000000001
    zo_loss: 0.09999999999999998
model_name: LinearForestClassifier
params:
  ccp_alpha: 10.0
  max_depth: 1
  max_leaf_nodes: 2
  n_estimators: 10
  random_state: 0
test_score: 0.08267456806234248
train_time: 0.02082061767578125
val_score: 0.466908388756913
