contains_categorical: postprocessed
dummy_loss: 13.730915576806535
dummy_metadata:
  auc: 0.5
  zo_loss: 0.38095238095238093
metadata:
  n_epochs: 166
  test:
    auc: 0.9519230769230769
    zo_loss: 0.09523809523809523
  val:
    auc: 1.0
    zo_loss: 0.023809523809523836
model_name: JOPLEn
params:
  SquaredFNorm_lam: 1.7874352876514956
  cell_model: CellModel.linear
  loss_fn: LogisticLoss
  max_iters: 100000
  mu: 3.0502542493302016
  n_cells: 25
  n_partitions: 258
  partitioner: GBPartition
  random_state: 0
  verbose: false
test_score: 0.3774045709089677
train_time: 0.5699658393859863
val_score: 0.040083625037272176
