contains_categorical: false
dummy_loss: 18.021826694558577
dummy_metadata:
  auc: 0.5
  zo_loss: 0.5
metadata:
  n_epochs: 915
  test:
    auc: 0.9990211833455076
    zo_loss: 0.021621621621621623
  val:
    auc: 0.998293896061149
    zo_loss: 0.021636240703177823
model_name: JOPLEn
params:
  SquaredFNorm_lam: 0.06388197214940644
  SquaredLaplacian_lam: 1.1633812638583055e-05
  SquaredLaplacian_laplacian_type: LaplacianType.NORMALIZED
  SquaredLaplacian_sigma: 0.0002198257674306011
  cell_model: CellModel.linear
  loss_fn: LogisticLoss
  max_iters: 100000
  mu: 1.0e-05
  n_cells: 28
  n_partitions: 434
  partitioner: GBPartition
  random_state: 0
  verbose: false
test_score: 0.04503471254192896
train_time: 31.606696605682373
val_score: 0.05519963923896228
