contains_categorical: postprocessed
dummy_loss: 7.20873067782343
dummy_metadata:
  auc: 0.5
  zo_loss: 0.19999999999999996
metadata:
  test:
    auc: 1.0
    zo_loss: 0.0
  val:
    auc: 0.8666666666666667
    zo_loss: 0.10526315789473684
model_name: LGBMClassifier
params:
  early_stopping_rounds: 59
  learning_rate: 0.4259114495560351
  n_estimators: 658
  num_leaves: 31
  objective: binary
  random_state: 0
  reg_alpha: 0.07159912778543134
  reg_lambda: 0.1564361474950986
  verbose: -1
test_score: 0.08798737570779933
train_time: 0.007250070571899414
val_score: 0.32743033309713426
