contains_categorical: postprocessed
dummy_loss: 16.277778949923874
dummy_metadata:
  auc: 0.5
  zo_loss: 0.4516129032258065
metadata:
  n_epochs: 106
  test:
    auc: 0.6974789915966386
    zo_loss: 0.3870967741935484
  val:
    auc: 0.8095238095238095
    zo_loss: 0.2295081967213115
model_name: JOPLEn
params:
  SquaredFNorm_lam: 0.01690096020490115
  SquaredLaplacian_lam: 0.009536952610076916
  SquaredLaplacian_laplacian_type: LaplacianType.STANDARD
  SquaredLaplacian_sigma: 1000.0
  cell_model: CellModel.linear
  loss_fn: LogisticLoss
  max_iters: 100000
  mu: 1.0
  n_cells: 2
  n_partitions: 16
  partitioner: VPartition
  random_state: 0
  verbose: false
test_score: 0.698951767563632
train_time: 0.35216259956359863
val_score: 0.5251045593590983
