contains_categorical: postprocessed
dummy_loss: 13.14091529811563
dummy_metadata:
  auc: 0.5
  zo_loss: 0.36458333333333337
metadata:
  n_epochs: 116
  test:
    auc: 0.9845433255269321
    zo_loss: 0.0625
  val:
    auc: 0.9833863556026864
    zo_loss: 0.05729166666666663
model_name: JOPLEn
params:
  SquaredFNorm_lam: 0.20241608680547438
  SquaredLaplacian_lam: 0.03366902801429539
  SquaredLaplacian_laplacian_type: LaplacianType.LEFT_NORMALIZED
  SquaredLaplacian_sigma: 0.0107530047595599
  cell_model: CellModel.linear
  loss_fn: LogisticLoss
  max_iters: 100000
  mu: 9.593742557085221
  n_cells: 8
  n_partitions: 69
  partitioner: LinearForestPartition
  random_state: 0
  verbose: false
test_score: 0.15489872242376454
train_time: 0.7552180290222168
val_score: 0.15636729778580807
