contains_categorical: postprocessed
dummy_loss: 21.626192033470293
dummy_metadata:
  auc: 0.5
  zo_loss: 0.6
metadata:
  n_epochs: 103
  test:
    auc: 0.41666666666666663
    zo_loss: 0.4
  val:
    auc: 0.6
    zo_loss: 0.4
model_name: JOPLEn
params:
  SquaredFNorm_lam: 0.29666161584596534
  cell_model: CellModel.constant
  loss_fn: LogisticLoss
  max_iters: 100000
  mu: 1.4590990735070715
  n_cells: 32
  n_partitions: 15
  partitioner: VPartition
  random_state: 0
  verbose: false
test_score: 0.7247918509395216
train_time: 0.3165161609649658
val_score: 0.6755601606413879
