contains_categorical: postprocessed
dummy_loss: 13.730915576806535
dummy_metadata:
  auc: 0.5
  zo_loss: 0.38095238095238093
metadata:
  test:
    auc: 0.9615384615384616
    zo_loss: 0.1428571428571429
  val:
    auc: 0.9876543209876544
    zo_loss: 0.11904761904761907
model_name: ExtraTreesClassifier
params:
  criterion: log_loss
  max_depth: 5
  max_features: 1
  max_leaf_nodes: 32
  n_estimators: 820
  random_state: 0
test_score: 0.4222086077128876
train_time: 0.37363266944885254
val_score: 0.37410118100619744
