contains_categorical: postprocessed
dummy_loss: 16.19352543569032
dummy_metadata:
  auc: 0.5
  zo_loss: 0.4492753623188406
metadata:
  n_epochs: 110
  test:
    auc: 0.9083191850594228
    zo_loss: 0.17391304347826086
  val:
    auc: 0.8767298275494997
    zo_loss: 0.19565217391304346
model_name: JOPLEn
params:
  SquaredFNorm_lam: 0.11428840017920451
  SquaredLaplacian_lam: 0.07141732611230889
  SquaredLaplacian_laplacian_type: LaplacianType.LEFT_NORMALIZED
  SquaredLaplacian_sigma: 0.0009406804410366411
  cell_model: CellModel.linear
  loss_fn: LogisticLoss
  max_iters: 100000
  mu: 7.966415042826673
  n_cells: 17
  n_partitions: 79
  partitioner: GBPartition
  random_state: 0
  verbose: false
test_score: 0.35751983885808486
train_time: 0.4346785545349121
val_score: 0.43127074305408436
