contains_categorical: false
dummy_loss: 17.163644471008165
dummy_metadata:
  auc: 0.5
  zo_loss: 0.47619047619047616
metadata:
  n_epochs: 531
  test:
    auc: 0.8545454545454545
    zo_loss: 0.23809523809523814
  val:
    auc: 0.8772727272727272
    zo_loss: 0.16666666666666663
model_name: JOPLEn
params:
  Group21Norm_lam: 55.12861118838596
  SquaredFNorm_lam: 22.825992552508765
  cell_model: CellModel.linear
  loss_fn: LogisticLoss
  max_iters: 100000
  n_cells: 32
  n_partitions: 108
  partitioner: LinearForestPartition
  random_state: 0
  verbose: false
test_score: 0.4952620021470434
train_time: 2.0985071659088135
val_score: 0.44737848457504903
