contains_categorical: false
dummy_loss: 17.826996135698483
dummy_metadata:
  auc: 0.5
  zo_loss: 0.49459459459459465
metadata:
  n_epochs: 153
  test:
    auc: 0.9944843809356827
    zo_loss: 0.03378378378378377
  val:
    auc: 0.9932644969678349
    zo_loss: 0.04056795131845847
model_name: JOPLEn
params:
  SquaredFNorm_lam: 6.096388744634603e-05
  SquaredLaplacian_lam: 1.1590855227052016e-05
  SquaredLaplacian_laplacian_type: LaplacianType.NORMALIZED
  SquaredLaplacian_sigma: 0.005056333099620936
  cell_model: CellModel.constant
  loss_fn: LogisticLoss
  max_iters: 100000
  mu: 7.3929573758290745
  n_cells: 16
  n_partitions: 424
  partitioner: LinearForestPartition
  random_state: 0
  verbose: false
test_score: 0.0950525631896874
train_time: 22.123767852783203
val_score: 0.10662913407077858
