contains_categorical: false
dummy_loss: 18.021826694558577
dummy_metadata:
  auc: 0.5
  zo_loss: 0.5
metadata:
  n_epochs: 4056
  test:
    auc: 0.9973046018991965
    zo_loss: 0.025675675675675635
  val:
    auc: 0.9964469882602495
    zo_loss: 0.027045300878972278
model_name: JOPLEn
params:
  GroupInf1Norm_lam: 1000.0
  cell_model: CellModel.linear
  loss_fn: LogisticLoss
  max_iters: 100000
  mu: 1.0e-05
  n_cells: 30
  n_partitions: 1000
  partitioner: RFPartition
  random_state: 0
  verbose: false
test_score: 0.06763430378648835
train_time: 187.23515820503235
val_score: 0.07381501140463788
