contains_categorical: postprocessed
dummy_loss: 16.19352543569032
dummy_metadata:
  auc: 0.5
  zo_loss: 0.4492753623188406
metadata:
  n_epochs: 3003
  test:
    auc: 0.8089983022071308
    zo_loss: 0.24637681159420288
  val:
    auc: 0.8650202256759635
    zo_loss: 0.2028985507246377
model_name: JOPLEn
params:
  GroupInf1Norm_lam: 1.3992159141525664
  cell_model: CellModel.linear
  loss_fn: LogisticLoss
  max_iters: 100000
  mu: 1.0e-05
  n_cells: 24
  n_partitions: 290
  partitioner: VPartition
  random_state: 0
  verbose: false
test_score: 0.5193140661362885
train_time: 8.097250938415527
val_score: 0.439411200475641
