contains_categorical: false
dummy_loss: 17.163644471008165
dummy_metadata:
  auc: 0.5
  zo_loss: 0.47619047619047616
metadata:
  n_epochs: 1505
  test:
    auc: 0.9818181818181817
    zo_loss: 0.09523809523809523
  val:
    auc: 0.9545454545454545
    zo_loss: 0.11904761904761907
model_name: JOPLEn
params:
  GroupInf1Norm_lam: 21.79177489126443
  cell_model: CellModel.linear
  loss_fn: LogisticLoss
  max_iters: 100000
  mu: 1.0e-05
  n_cells: 32
  n_partitions: 1000
  partitioner: VPartition
  random_state: 0
  verbose: false
test_score: 0.2349066268259837
train_time: 5.510119438171387
val_score: 0.261158597367563
