contains_categorical: postprocessed
dummy_loss: 16.01940150627429
dummy_metadata:
  auc: 0.5
  zo_loss: 0.4444444444444444
metadata:
  n_epochs: 130
  test:
    auc: 0.8111111111111111
    zo_loss: 0.2222222222222222
  val:
    auc: 0.8347222222222223
    zo_loss: 0.2407407407407407
model_name: JOPLEn
params:
  SquaredFNorm_lam: 0.0006350900589450684
  SquaredLaplacian_lam: 1.0e-05
  SquaredLaplacian_laplacian_type: LaplacianType.LEFT_NORMALIZED
  SquaredLaplacian_sigma: 15.498131138310413
  cell_model: CellModel.constant
  loss_fn: LogisticLoss
  max_iters: 100000
  mu: 8.092947957168608
  n_cells: 2
  n_partitions: 305
  partitioner: LinearForestPartition
  random_state: 0
  verbose: false
test_score: 0.5329519335273059
train_time: 0.6128783226013184
val_score: 0.5055040686147121
