contains_categorical: postprocessed
dummy_loss: 16.01940150627429
dummy_metadata:
  auc: 0.5
  zo_loss: 0.4444444444444444
metadata:
  test:
    auc: 0.8555555555555556
    zo_loss: 0.2222222222222222
  val:
    auc: 0.8694444444444445
    zo_loss: 0.2592592592592593
model_name: LinearForestClassifier
params:
  ccp_alpha: 1.8488846130929708
  max_depth: 1
  max_leaf_nodes: 20
  n_estimators: 12
  random_state: 0
test_score: 0.6310006491611436
train_time: 0.010454416275024414
val_score: 0.4848731555624881
