contains_categorical: postprocessed
dummy_loss: 7.20873067782343
dummy_metadata:
  auc: 0.5
  zo_loss: 0.19999999999999996
metadata:
  n_epochs: 109
  test:
    auc: 1.0
    zo_loss: 0.0
  val:
    auc: 1.0
    zo_loss: 0.052631578947368474
model_name: JOPLEn
params:
  SquaredFNorm_lam: 0.0030547030164549214
  SquaredLaplacian_lam: 0.0004870203326651361
  SquaredLaplacian_laplacian_type: LaplacianType.STANDARD
  SquaredLaplacian_sigma: 0.00022884134591592467
  cell_model: CellModel.constant
  loss_fn: LogisticLoss
  max_iters: 100000
  mu: 8.680807457777199
  n_cells: 32
  n_partitions: 10
  partitioner: LinearForestPartition
  random_state: 0
  verbose: false
test_score: 0.09897655241751646
train_time: 0.3583660125732422
val_score: 0.12491713621935803
