contains_categorical: postprocessed
dummy_loss: 16.19352543569032
dummy_metadata:
  auc: 0.5
  zo_loss: 0.4492753623188406
metadata:
  n_epochs: 120
  test:
    auc: 0.769100169779287
    zo_loss: 0.28985507246376807
  val:
    auc: 0.862678305301256
    zo_loss: 0.19565217391304346
model_name: JOPLEn
params:
  SquaredFNorm_lam: 0.0002603324909303424
  SquaredLaplacian_lam: 2.91858371228802e-05
  SquaredLaplacian_laplacian_type: LaplacianType.LEFT_NORMALIZED
  SquaredLaplacian_sigma: 0.17453839073198646
  cell_model: CellModel.constant
  loss_fn: LogisticLoss
  max_iters: 100000
  mu: 7.914065175135996
  n_cells: 7
  n_partitions: 293
  partitioner: VPartition
  random_state: 0
  verbose: false
test_score: 0.6019259830924242
train_time: 0.5448834896087646
val_score: 0.4340624481787562
