contains_categorical: postprocessed
dummy_loss: 16.19352543569032
dummy_metadata:
  auc: 0.5
  zo_loss: 0.4492753623188406
metadata:
  n_epochs: 113
  test:
    auc: 0.862478777589134
    zo_loss: 0.14492753623188404
  val:
    auc: 0.8726846923568236
    zo_loss: 0.17391304347826086
model_name: JOPLEn
params:
  Group21Norm_lam: 88.34429038707141
  cell_model: CellModel.linear
  loss_fn: LogisticLoss
  max_iters: 100000
  mu: 10.0
  n_cells: 16
  n_partitions: 332
  partitioner: RFPartition
  random_state: 0
  verbose: false
test_score: 0.409525533479482
train_time: 0.6408746242523193
val_score: 0.43339455116617975
