contains_categorical: false
dummy_loss: 18.021826694558577
dummy_metadata:
  auc: 0.5
  zo_loss: 0.5
metadata:
  n_epochs: 36
  test:
    auc: 0.9988750913075237
    zo_loss: 0.018918918918918948
  val:
    auc: 0.9983578978166259
    zo_loss: 0.02298850574712641
model_name: JOPLEn
params:
  Group21Norm_lam: 1.0e-05
  cell_model: CellModel.linear
  loss_fn: LogisticLoss
  max_iters: 100000
  mu: 6.613652950833034
  n_cells: 2
  n_partitions: 1000
  partitioner: RFPartition
  random_state: 0
  verbose: false
test_score: 0.05449506581502489
train_time: 8.560049772262573
val_score: 0.06159648379523043
