contains_categorical: false
dummy_loss: 21.626192033470293
dummy_metadata:
  auc: 0.5
  zo_loss: 0.6
metadata:
  test:
    auc: 1.0
    zo_loss: 0.0
  val:
    auc: 0.9
    zo_loss: 0.09999999999999998
model_name: XGBClassifier
params:
  early_stopping_rounds: 14
  learning_rate: 1.0
  max_leaves: 2
  n_estimators: 544
  objective: reg:logistic
  random_state: 0
  reg_alpha: 0.03558112154543054
  reg_lambda: 0.007078535115891856
  verbosity: 0
test_score: 0.20179311113806708
train_time: 0.8396041393280029
val_score: 0.3377890281875439
