contains_categorical: postprocessed
dummy_loss: 7.20873067782343
dummy_metadata:
  auc: 0.5
  zo_loss: 0.19999999999999996
metadata:
  test:
    auc: 1.0
    zo_loss: 0.0
  val:
    auc: 0.9333333333333333
    zo_loss: 0.10526315789473684
model_name: RandomForestClassifier
params:
  ccp_alpha: 0.0004937891033726623
  criterion: log_loss
  max_depth: 5
  max_leaf_nodes: 13
  n_estimators: 1000
  n_jobs: -1
  random_state: 0
test_score: 0.12990995028058738
train_time: 0.802708625793457
val_score: 0.303514373925508
