contains_categorical: false
dummy_loss: 18.021826694558573
dummy_metadata:
  auc: 0.5
  zo_loss: 0.5
metadata:
  test:
    auc: 0.5749798441279226
    zo_loss: 0.4098360655737705
  val:
    auc: 0.5675841814083737
    zo_loss: 0.4173553719008265
model_name: ExtraTreesClassifier
params:
  criterion: log_loss
  max_depth: 5
  max_features: 1
  max_leaf_nodes: 26
  n_estimators: 50
  random_state: 0
test_score: 0.6833059625814594
train_time: 0.0329432487487793
val_score: 0.6816929323679428
