contains_categorical: false
dummy_loss: 13.279240722306321
dummy_metadata:
  auc: 0.5
  zo_loss: 0.368421052631579
metadata:
  n_epochs: 142
  test:
    auc: 0.9973544973544973
    zo_loss: 0.03508771929824561
  val:
    auc: 0.983950212905339
    zo_loss: 0.03508771929824561
model_name: JOPLEn
params:
  SquaredFNorm_lam: 0.21918780903296936
  cell_model: CellModel.constant
  loss_fn: LogisticLoss
  max_iters: 100000
  mu: 4.900845405164976
  n_cells: 2
  n_partitions: 1000
  partitioner: GBPartition
  random_state: 0
  verbose: false
test_score: 0.10671338600666619
train_time: 1.7536919116973877
val_score: 0.13317426329600027
