contains_categorical: postprocessed
dummy_loss: 13.01576372384786
dummy_metadata:
  auc: 0.5
  zo_loss: 0.36111111111111116
metadata:
  n_epochs: 110
  test:
    auc: 0.9096989966555185
    zo_loss: 0.13888888888888884
  val:
    auc: 0.9608888888888889
    zo_loss: 0.02857142857142858
model_name: JOPLEn
params:
  SquaredFNorm_lam: 0.013253413137816826
  SquaredLaplacian_lam: 0.010568575820399256
  SquaredLaplacian_laplacian_type: LaplacianType.LEFT_NORMALIZED
  SquaredLaplacian_sigma: 0.004729856169327095
  cell_model: CellModel.constant
  loss_fn: LogisticLoss
  max_iters: 100000
  mu: 8.543724128037017
  n_cells: 5
  n_partitions: 128
  partitioner: GBPartition
  random_state: 0
  verbose: false
test_score: 0.4296321578658523
train_time: 0.5073602199554443
val_score: 0.1442797985842339
