contains_categorical: postprocessed
dummy_loss: 10.813096016735146
dummy_metadata:
  auc: 0.5
  zo_loss: 0.30000000000000004
metadata:
  test:
    auc: 0.6202380952380953
    zo_loss: 0.35
  val:
    auc: 0.7541071428571428
    zo_loss: 0.275
model_name: CatBoostClassifier
params:
  allow_writing_files: false
  grow_policy: SymmetricTree
  iterations: 54
  l2_leaf_reg: 0.0007477559238428135
  learning_rate: 0.380280923512618
  max_depth: 3
  od_type: Iter
  od_wait: 44
  random_seed: 0
  subsample: 1.0
test_score: 0.603214643540636
train_time: 0.010741949081420898
val_score: 0.534787161267854
