contains_categorical: postprocessed
dummy_loss: 5.118198781254636
dummy_metadata:
  auc: 0.5
  zo_loss: 0.14200000000000002
metadata:
  n_epochs: 590
  test:
    auc: 0.7671459995403657
    zo_loss: 0.09999999999999998
  val:
    auc: 0.7922349518094199
    zo_loss: 0.09809809809809811
model_name: JOPLEn
params:
  Group21Norm_lam: 923.4290565307879
  SquaredFNorm_lam: 0.00014443715725072514
  cell_model: CellModel.linear
  loss_fn: LogisticLoss
  max_iters: 100000
  n_cells: 16
  n_partitions: 206
  partitioner: LinearForestPartition
  random_state: 0
  verbose: false
test_score: 0.309484576766196
train_time: 5.260543584823608
val_score: 0.300570903967139
