contains_categorical: postprocessed
dummy_loss: 12.014551129705717
dummy_metadata:
  auc: 0.5
  zo_loss: 0.33333333333333337
metadata:
  test:
    auc: 0.796875
    zo_loss: 0.16666666666666663
  val:
    auc: 0.90625
    zo_loss: 0.04166666666666663
model_name: RandomForestClassifier
params:
  ccp_alpha: 0.00022896384221754733
  criterion: log_loss
  max_depth: 5
  max_leaf_nodes: 27
  n_estimators: 10
  n_jobs: -1
  random_state: 0
test_score: 0.43411516578964776
train_time: 0.039537668228149414
val_score: 0.390911747649284
