contains_categorical: false
dummy_loss: 16.019401506274292
dummy_metadata:
  auc: 0.5
  zo_loss: 0.4444444444444444
metadata:
  test:
    auc: 0.35
    zo_loss: 0.5555555555555556
  val:
    auc: 0.8636363636363636
    zo_loss: 0.2222222222222222
model_name: ExtraTreesClassifier
params:
  criterion: log_loss
  max_depth: 5
  max_features: 1
  max_leaf_nodes: 16
  n_estimators: 10
  random_state: 0
test_score: 0.7302540998899113
train_time: 0.007171630859375
val_score: 0.4765685509220817
