contains_categorical: false
dummy_loss: 1.0041860303402765
dummy_metadata: {}
metadata:
  test: {}
  val: {}
model_name: XGBRegressor
params:
  early_stopping_rounds: 43
  learning_rate: 0.11195250767088745
  max_leaves: 28
  n_estimators: 94
  objective: reg:squarederror
  random_state: 0
  reg_alpha: 0.005990829273778175
  reg_lambda: 0.055033796607261355
  verbosity: 0
test_score: 0.2769204986984875
train_time: 1.2441890239715576
val_score: 0.2767197284704224
