contains_categorical: postprocessed
dummy_loss: 13.63813912020649
dummy_metadata:
  auc: 0.5
  zo_loss: 0.3783783783783784
metadata:
  n_epochs: 1497
  test:
    auc: 0.7204968944099378
    zo_loss: 0.2432432432432432
  val:
    auc: 0.7013396375098503
    zo_loss: 0.32432432432432434
model_name: JOPLEn
params:
  L1Norm_lam: 4.6001002138620426e-05
  cell_model: CellModel.constant
  loss_fn: LogisticLoss
  max_iters: 100000
  mu: 1.0e-05
  n_cells: 11
  n_partitions: 23
  partitioner: RFPartition
  random_state: 0
  verbose: false
test_score: 0.561066090711188
train_time: 3.77095627784729
val_score: 0.6015514478440229
