contains_categorical: postprocessed
dummy_loss: 16.277778949923874
dummy_metadata:
  auc: 0.5
  zo_loss: 0.4516129032258065
metadata:
  n_epochs: 120
  test:
    auc: 0.6932773109243697
    zo_loss: 0.32258064516129037
  val:
    auc: 0.8051948051948051
    zo_loss: 0.24590163934426235
model_name: JOPLEn
params:
  GroupInf1Norm_lam: 3.2252977960604903
  cell_model: CellModel.linear
  loss_fn: LogisticLoss
  max_iters: 100000
  mu: 1.0
  n_cells: 2
  n_partitions: 359
  partitioner: VPartition
  random_state: 0
  verbose: false
test_score: 0.6349353670075386
train_time: 0.521310567855835
val_score: 0.5315178342270565
