contains_categorical: postprocessed
dummy_loss: 16.193525435690322
dummy_metadata:
  auc: 0.5
  zo_loss: 0.4492753623188406
metadata:
  n_epochs: 107
  test:
    auc: 0.9125636672325976
    zo_loss: 0.18840579710144922
  val:
    auc: 0.7526080476900149
    zo_loss: 0.30434782608695654
model_name: JOPLEn
params:
  Group21Norm_lam: 1000.0
  cell_model: CellModel.linear
  loss_fn: LogisticLoss
  max_iters: 100000
  mu: 1.0
  n_cells: 25
  n_partitions: 77
  partitioner: VPartition
  random_state: 0
  verbose: false
test_score: 0.4288147886219516
train_time: 0.3155248165130615
val_score: 0.5901958019883317
