contains_categorical: false
dummy_loss: 0.9976959901687514
dummy_metadata: {}
metadata:
  test: {}
  val: {}
model_name: MultiTaskTrees
params:
  alpha: 0.0016733746401845244
  batch_size: 32
  depth: 2
  epochs: 10000
  learning_rate: 0.03536746918751405
  loss_criteria: mse
  num_tasks: 1
  num_trees: 2
  power: 0.00873970830204691
test_score: 0.1785024754413981
train_time: 6.204598665237427
val_score: 0.19814685090158873
