contains_categorical: false
dummy_loss: 14.229815437785946
dummy_metadata:
  auc: 0.5
  zo_loss: 0.3947939262472885
metadata:
  n_epochs: 136
  test:
    auc: 0.960809799519477
    zo_loss: 0.08026030368763559
  val:
    auc: 0.9807817976593596
    zo_loss: 0.05434782608695654
model_name: JOPLEn
params:
  L1Norm_lam: 0.0001484021012391402
  cell_model: CellModel.constant
  loss_fn: LogisticLoss
  max_iters: 100000
  mu: 7.209512403071693
  n_cells: 32
  n_partitions: 1000
  partitioner: VPartition
  random_state: 0
  verbose: false
test_score: 0.2550521902349386
train_time: 7.566609621047974
val_score: 0.16346508713596017
