contains_categorical: false
dummy_loss: 17.163644471008165
dummy_metadata:
  auc: 0.5
  zo_loss: 0.47619047619047616
metadata:
  n_epochs: 132
  test:
    auc: 0.7272727272727273
    zo_loss: 0.4285714285714286
  val:
    auc: 0.8749999999999999
    zo_loss: 0.23809523809523814
model_name: JOPLEn
params:
  SquaredFNorm_lam: 0.45481990096566455
  cell_model: CellModel.constant
  loss_fn: LogisticLoss
  max_iters: 100000
  mu: 4.188062953344652
  n_cells: 2
  n_partitions: 1000
  partitioner: GBPartition
  random_state: 0
  verbose: false
test_score: 0.6642918392281921
train_time: 1.4558391571044922
val_score: 0.4566070782091871
