contains_categorical: postprocessed
dummy_loss: 10.813096016735146
dummy_metadata:
  auc: 0.5
  zo_loss: 0.30000000000000004
metadata:
  n_epochs: 111
  test:
    auc: 0.5719047619047619
    zo_loss: 0.31000000000000005
  val:
    auc: 0.6751190476190475
    zo_loss: 0.28500000000000003
model_name: JOPLEn
params:
  SquaredFNorm_lam: 0.1421720569270945
  SquaredLaplacian_lam: 0.010683987434785849
  SquaredLaplacian_laplacian_type: LaplacianType.LEFT_NORMALIZED
  SquaredLaplacian_sigma: 0.0038935653515308295
  cell_model: CellModel.linear
  loss_fn: LogisticLoss
  max_iters: 100000
  mu: 10.0
  n_cells: 12
  n_partitions: 227
  partitioner: RFPartition
  random_state: 0
  verbose: false
test_score: 0.6374620977507811
train_time: 0.9082064628601074
val_score: 0.5665588531935232
