contains_categorical: false
dummy_loss: 18.021826694558577
dummy_metadata:
  auc: 0.5
  zo_loss: 0.5
metadata:
  n_epochs: 283
  test:
    auc: 0.6666666666666666
    zo_loss: 0.33333333333333337
  val:
    auc: 0.8333333333333334
    zo_loss: 0.18181818181818177
model_name: JOPLEn
params:
  SquaredFNorm_lam: 0.30947137170542527
  cell_model: CellModel.constant
  loss_fn: LogisticLoss
  max_iters: 100000
  mu: 8.72098345336409
  n_cells: 29
  n_partitions: 42
  partitioner: GBPartition
  random_state: 0
  verbose: false
test_score: 0.6593249427922993
train_time: 0.7847270965576172
val_score: 0.4752626666682445
