contains_categorical: postprocessed
dummy_loss: 21.626192033470293
dummy_metadata:
  auc: 0.5
  zo_loss: 0.6
metadata:
  n_epochs: 201
  test:
    auc: 0.41666666666666663
    zo_loss: 0.4
  val:
    auc: 0.5
    zo_loss: 0.4
model_name: JOPLEn
params:
  L1Norm_lam: 1.0e-05
  cell_model: CellModel.constant
  loss_fn: LogisticLoss
  max_iters: 100000
  mu: 1.0e-05
  n_cells: 29
  n_partitions: 10
  partitioner: RFPartition
  random_state: 0
  verbose: false
test_score: 0.6923343996583394
train_time: 0.5727906227111816
val_score: 0.6931373658900485
