contains_categorical: postprocessed
dummy_loss: 12.35782401912588
dummy_metadata:
  auc: 0.5
  zo_loss: 0.34285714285714286
metadata:
  n_epochs: 110
  test:
    auc: 0.9134963768115942
    zo_loss: 0.11428571428571432
  val:
    auc: 0.9766757246376812
    zo_loss: 0.0714285714285714
model_name: JOPLEn
params:
  GroupInf1Norm_lam: 21.467273556969765
  cell_model: CellModel.linear
  loss_fn: LogisticLoss
  max_iters: 100000
  mu: 1.0
  n_cells: 5
  n_partitions: 164
  partitioner: VPartition
  random_state: 0
  verbose: false
test_score: 0.33836895907826003
train_time: 0.4112570285797119
val_score: 0.16772260627844005
