contains_categorical: false
dummy_loss: 9.301587971385072
dummy_metadata:
  auc: 0.5
  zo_loss: 0.25806451612903225
metadata:
  n_epochs: 111
  test:
    auc: 0.8206521739130436
    zo_loss: 0.25806451612903225
  val:
    auc: 0.6270380434782609
    zo_loss: 0.24193548387096775
model_name: JOPLEn
params:
  SquaredFNorm_lam: 0.002158532338911194
  SquaredLaplacian_lam: 0.00014768832025434565
  SquaredLaplacian_laplacian_type: LaplacianType.LEFT_NORMALIZED
  SquaredLaplacian_sigma: 0.3002755456378269
  cell_model: CellModel.constant
  loss_fn: LogisticLoss
  max_iters: 100000
  mu: 7.748541642535853
  n_cells: 2
  n_partitions: 146
  partitioner: LinearForestPartition
  random_state: 0
  verbose: false
test_score: 0.511616364983705
train_time: 0.45919227600097656
val_score: 0.5448595698641341
