contains_categorical: false
dummy_loss: 13.279240722306321
dummy_metadata:
  auc: 0.5
  zo_loss: 0.368421052631579
metadata:
  n_epochs: 136
  test:
    auc: 0.9947089947089947
    zo_loss: 0.052631578947368474
  val:
    auc: 0.9921388797903701
    zo_loss: 0.03508771929824561
model_name: JOPLEn
params:
  GroupInf1Norm_lam: 63.66054045093449
  cell_model: CellModel.linear
  loss_fn: LogisticLoss
  max_iters: 100000
  mu: 8.323539780093116
  n_cells: 30
  n_partitions: 228
  partitioner: VPartition
  random_state: 0
  verbose: false
test_score: 0.11035389174717211
train_time: 0.5127396583557129
val_score: 0.12656057396838888
