contains_categorical: postprocessed
dummy_loss: 17.336333900041623
dummy_metadata:
  auc: 0.5
  zo_loss: 0.48098159509202454
metadata:
  test:
    auc: 0.8823032759202972
    zo_loss: 0.19263803680981595
  val:
    auc: 0.8821313866406705
    zo_loss: 0.19533169533169537
model_name: RandomForestClassifier
params:
  ccp_alpha: 0.00020768543888256174
  criterion: log_loss
  max_depth: 5
  max_leaf_nodes: 27
  n_estimators: 10
  n_jobs: -1
  random_state: 0
test_score: 0.40586542377538376
train_time: 0.051546335220336914
val_score: 0.4032027430296493
