contains_categorical: postprocessed
dummy_loss: 13.730915576806535
dummy_metadata:
  auc: 0.5
  zo_loss: 0.38095238095238093
metadata:
  test:
    auc: 0.9038461538461539
    zo_loss: 0.1428571428571429
  val:
    auc: 1.0
    zo_loss: 0.023809523809523836
model_name: GradientBoostingClassifier
params:
  ccp_alpha: 1.9431665459420892e-05
  criterion: friedman_mse
  learning_rate: 0.40872671865290516
  loss: log_loss
  max_depth: 2
  max_leaf_nodes: 9
  n_estimators: 277
  random_state: 0
test_score: 0.4487551460544686
train_time: 0.09007096290588379
val_score: 0.05930544655379639
