contains_categorical: postprocessed
dummy_loss: 18.021826694558577
dummy_metadata:
  auc: 0.5
  zo_loss: 0.5
metadata:
  n_epochs: 107
  test:
    auc: 0.98
    zo_loss: 0.050000000000000044
  val:
    auc: 0.9925
    zo_loss: 0.07499999999999996
model_name: JOPLEn
params:
  SquaredFNorm_lam: 0.002844635150788063
  SquaredLaplacian_lam: 0.0003558570256628867
  SquaredLaplacian_laplacian_type: LaplacianType.LEFT_NORMALIZED
  SquaredLaplacian_sigma: 0.26794593787856125
  cell_model: CellModel.constant
  loss_fn: LogisticLoss
  max_iters: 100000
  mu: 8.646398680895691
  n_cells: 9
  n_partitions: 229
  partitioner: GBPartition
  random_state: 0
  verbose: false
test_score: 0.2817203515165215
train_time: 0.5939450263977051
val_score: 0.0927656858311183
