contains_categorical: postprocessed
dummy_loss: 16.19352543569032
dummy_metadata:
  auc: 0.5
  zo_loss: 0.4492753623188406
metadata:
  n_epochs: 974
  test:
    auc: 0.8421052631578948
    zo_loss: 0.21739130434782605
  val:
    auc: 0.9159037683627848
    zo_loss: 0.13043478260869568
model_name: JOPLEn
params:
  SquaredFNorm_lam: 174.9165764952949
  cell_model: CellModel.linear
  loss_fn: LogisticLoss
  max_iters: 100000
  mu: 1.0e-05
  n_cells: 27
  n_partitions: 1000
  partitioner: GBPartition
  random_state: 0
  verbose: false
test_score: 0.4858597313476676
train_time: 5.503419876098633
val_score: 0.33270265518675046
