contains_categorical: postprocessed
dummy_loss: 12.191235705142565
dummy_metadata:
  auc: 0.5
  zo_loss: 0.3382352941176471
metadata:
  n_epochs: 116
  test:
    auc: 0.6299516908212559
    zo_loss: 0.36764705882352944
  val:
    auc: 0.7162962962962963
    zo_loss: 0.3481481481481481
model_name: JOPLEn
params:
  SquaredFNorm_lam: 0.00021678726268297219
  SquaredLaplacian_lam: 1.3319403941114867e-05
  SquaredLaplacian_laplacian_type: LaplacianType.LEFT_NORMALIZED
  SquaredLaplacian_sigma: 5.589065786606907
  cell_model: CellModel.constant
  loss_fn: LogisticLoss
  max_iters: 100000
  mu: 7.990898975661623
  n_cells: 7
  n_partitions: 642
  partitioner: VPartition
  random_state: 0
  verbose: false
test_score: 0.6535924358122425
train_time: 0.7252955436706543
val_score: 0.5790996250689618
