contains_categorical: postprocessed
dummy_loss: 10.813096016735146
dummy_metadata:
  auc: 0.5
  zo_loss: 0.30000000000000004
metadata:
  test:
    auc: 0.5495238095238094
    zo_loss: 0.31000000000000005
  val:
    auc: 0.602857142857143
    zo_loss: 0.30500000000000005
model_name: LogisticRegression
params:
  C: 0.1
  penalty: l2
  random_state: 0
test_score: 0.6267316448312219
train_time: 0.0035338401794433594
val_score: 0.6040718630467027
