contains_categorical: postprocessed
dummy_loss: 10.813096016735146
dummy_metadata:
  auc: 0.5
  zo_loss: 0.30000000000000004
metadata:
  n_epochs: 105
  test:
    auc: 0.5714285714285714
    zo_loss: 0.31000000000000005
  val:
    auc: 0.6796428571428572
    zo_loss: 0.29500000000000004
model_name: JOPLEn
params:
  SquaredFNorm_lam: 0.0027079275901819226
  SquaredLaplacian_lam: 6.695621509104987e-05
  SquaredLaplacian_laplacian_type: LaplacianType.NORMALIZED
  SquaredLaplacian_sigma: 0.0006967225756058802
  cell_model: CellModel.constant
  loss_fn: LogisticLoss
  max_iters: 100000
  mu: 0.07952535147320516
  n_cells: 32
  n_partitions: 345
  partitioner: LinearForestPartition
  random_state: 0
  verbose: false
test_score: 0.6320340387560647
train_time: 0.9042768478393555
val_score: 0.5674289230178655
