contains_categorical: false
dummy_loss: 9.301587971385072
dummy_metadata:
  auc: 0.5
  zo_loss: 0.25806451612903225
metadata:
  n_epochs: 153
  test:
    auc: 0.7445652173913043
    zo_loss: 0.19354838709677424
  val:
    auc: 0.7520380434782609
    zo_loss: 0.24193548387096775
model_name: JOPLEn
params:
  GroupInf1Norm_lam: 1000.0
  cell_model: CellModel.linear
  loss_fn: LogisticLoss
  max_iters: 100000
  mu: 1.0
  n_cells: 13
  n_partitions: 10
  partitioner: VPartition
  random_state: 0
  verbose: false
test_score: 0.4713952790346287
train_time: 0.40923237800598145
val_score: 0.5022942478211747
