contains_categorical: postprocessed
dummy_loss: 13.21600624267629
dummy_metadata:
  auc: 0.5
  zo_loss: 0.3666666666666667
metadata:
  n_epochs: 1734
  test:
    auc: 0.8516746411483254
    zo_loss: 0.16666666666666663
  val:
    auc: 0.8521303258145364
    zo_loss: 0.1694915254237288
model_name: JOPLEn
params:
  SquaredFNorm_lam: 210.45487820484027
  cell_model: CellModel.linear
  loss_fn: LogisticLoss
  max_iters: 100000
  mu: 1.0e-05
  n_cells: 2
  n_partitions: 10
  partitioner: GBPartition
  random_state: 0
  verbose: false
test_score: 0.4356424836269509
train_time: 4.428438186645508
val_score: 0.43602336258422825
