contains_categorical: postprocessed
dummy_loss: 13.730915576806535
dummy_metadata:
  auc: 0.5
  zo_loss: 0.38095238095238093
metadata:
  n_epochs: 273
  test:
    auc: 0.9423076923076923
    zo_loss: 0.1428571428571429
  val:
    auc: 1.0
    zo_loss: 0.04761904761904767
model_name: JOPLEn
params:
  SquaredFNorm_lam: 0.6245687051450425
  SquaredLaplacian_lam: 1.0e-05
  SquaredLaplacian_laplacian_type: LaplacianType.NORMALIZED
  SquaredLaplacian_sigma: 1.0e-05
  cell_model: CellModel.linear
  loss_fn: LogisticLoss
  max_iters: 100000
  mu: 1.210050590445737
  n_cells: 8
  n_partitions: 378
  partitioner: LinearForestPartition
  random_state: 0
  verbose: false
test_score: 0.4123105519166795
train_time: 1.1392316818237305
val_score: 0.06224812930269469
