contains_categorical: false
dummy_loss: 18.021826694558577
dummy_metadata:
  auc: 0.5
  zo_loss: 0.5
metadata:
  n_epochs: 106
  test:
    auc: 0.6666666666666666
    zo_loss: 0.16666666666666663
  val:
    auc: 0.8666666666666667
    zo_loss: 0.09090909090909094
model_name: JOPLEn
params:
  SquaredFNorm_lam: 0.03778600752828292
  SquaredLaplacian_lam: 0.008891155677947397
  SquaredLaplacian_laplacian_type: LaplacianType.STANDARD
  SquaredLaplacian_sigma: 97.20088761070438
  cell_model: CellModel.constant
  loss_fn: LogisticLoss
  max_iters: 100000
  mu: 3.6819349774281402
  n_cells: 2
  n_partitions: 10
  partitioner: GBPartition
  random_state: 0
  verbose: false
test_score: 0.7158350765919693
train_time: 0.34187746047973633
val_score: 0.38525782592351016
