contains_categorical: false
dummy_loss: 17.506917360428332
dummy_metadata:
  auc: 0.5
  zo_loss: 0.48571428571428577
metadata:
  n_epochs: 166
  test:
    auc: 0.6862745098039216
    zo_loss: 0.34285714285714286
  val:
    auc: 0.6336134453781512
    zo_loss: 0.34782608695652173
model_name: JOPLEn
params:
  SquaredFNorm_lam: 58.249014847123085
  cell_model: CellModel.linear
  loss_fn: LogisticLoss
  max_iters: 100000
  mu: 10.0
  n_cells: 4
  n_partitions: 10
  partitioner: LinearForestPartition
  random_state: 0
  verbose: false
test_score: 0.6411104576643899
train_time: 0.4751474857330322
val_score: 0.6725420580770496
