contains_categorical: false
dummy_loss: 17.826996135698483
dummy_metadata:
  auc: 0.5
  zo_loss: 0.49459459459459465
metadata:
  n_epochs: 186
  test:
    auc: 0.9926872388299581
    zo_loss: 0.04189189189189191
  val:
    auc: 0.9928804471071901
    zo_loss: 0.04259634888438135
model_name: JOPLEn
params:
  SquaredFNorm_lam: 0.7163213844454422
  SquaredLaplacian_lam: 1.0133332409491278e-05
  SquaredLaplacian_laplacian_type: LaplacianType.NORMALIZED
  SquaredLaplacian_sigma: 3.0989648292923946e-05
  cell_model: CellModel.linear
  loss_fn: LogisticLoss
  max_iters: 100000
  mu: 1.6073181062782451
  n_cells: 27
  n_partitions: 1000
  partitioner: RFPartition
  random_state: 0
  verbose: false
test_score: 0.11147211970733942
train_time: 24.42455554008484
val_score: 0.11129593662228164
