contains_categorical: postprocessed
dummy_loss: 6.007275564852859
dummy_metadata:
  auc: 0.5
  zo_loss: 0.16666666666666663
metadata:
  n_epochs: 158
  test:
    auc: 0.8222222222222222
    zo_loss: 0.16666666666666663
  val:
    auc: 0.8838709677419355
    zo_loss: 0.11111111111111116
model_name: JOPLEn
params:
  GroupInf1Norm_lam: 359.1370295718163
  cell_model: CellModel.linear
  loss_fn: LogisticLoss
  max_iters: 100000
  mu: 4.918298246912977
  n_cells: 6
  n_partitions: 10
  partitioner: VPartition
  random_state: 0
  verbose: false
test_score: 0.3560034068007872
train_time: 0.8794596195220947
val_score: 0.2751784074648434
