contains_categorical: postprocessed
dummy_loss: 10.813096016735146
dummy_metadata:
  auc: 0.5
  zo_loss: 0.30000000000000004
metadata:
  n_epochs: 178
  test:
    auc: 0.6042857142857143
    zo_loss: 0.33999999999999997
  val:
    auc: 0.7461309523809524
    zo_loss: 0.26
model_name: JOPLEn
params:
  Group21Norm_lam: 1000.0
  cell_model: CellModel.linear
  loss_fn: LogisticLoss
  max_iters: 100000
  mu: 3.7757426059016974
  n_cells: 2
  n_partitions: 569
  partitioner: RFPartition
  random_state: 0
  verbose: false
test_score: 0.6006608233796651
train_time: 1.3718104362487793
val_score: 0.5331605583321093
