contains_categorical: postprocessed
dummy_loss: 13.730915576806535
dummy_metadata:
  auc: 0.5
  zo_loss: 0.38095238095238093
metadata:
  n_epochs: 125
  test:
    auc: 0.9230769230769231
    zo_loss: 0.1428571428571429
  val:
    auc: 0.9876543209876544
    zo_loss: 0.11904761904761907
model_name: JOPLEn
params:
  GroupInf1Norm_lam: 1000.0
  cell_model: CellModel.linear
  loss_fn: LogisticLoss
  max_iters: 100000
  mu: 1.0
  n_cells: 20
  n_partitions: 178
  partitioner: VPartition
  random_state: 0
  verbose: false
test_score: 0.4129298812284657
train_time: 0.4220266342163086
val_score: 0.18530831342642592
