contains_categorical: false
dummy_loss: 12.638683655924195
dummy_metadata:
  auc: 0.5
  zo_loss: 0.35064935064935066
metadata:
  test:
    auc: 0.8540740740740741
    zo_loss: 0.3246753246753247
  val:
    auc: 0.8557407407407407
    zo_loss: 0.3116883116883117
model_name: ExtraTreesClassifier
params:
  criterion: log_loss
  max_depth: 5
  max_features: 1
  max_leaf_nodes: 32
  n_estimators: 415
  random_state: 0
test_score: 0.563861275255824
train_time: 0.20928573608398438
val_score: 0.5571494891261282
