contains_categorical: postprocessed
dummy_loss: 16.019401506274292
dummy_metadata:
  auc: 0.5
  zo_loss: 0.4444444444444444
metadata:
  n_epochs: 111
  test:
    auc: 0.9249999999999999
    zo_loss: 0.4444444444444444
  val:
    auc: 0.5555555555555556
    zo_loss: 0.47058823529411764
model_name: JOPLEn
params:
  SquaredFNorm_lam: 1.0e-05
  SquaredLaplacian_lam: 0.2360494503622761
  SquaredLaplacian_laplacian_type: LaplacianType.STANDARD
  SquaredLaplacian_sigma: 244.01260112455495
  cell_model: CellModel.constant
  loss_fn: LogisticLoss
  max_iters: 100000
  mu: 5.019759465898183
  n_cells: 2
  n_partitions: 64
  partitioner: GBPartition
  random_state: 0
  verbose: false
test_score: 0.6786394437249643
train_time: 0.37669873237609863
val_score: 0.690679617186036
