contains_categorical: postprocessed
dummy_loss: 13.01576372384786
dummy_metadata:
  auc: 0.5
  zo_loss: 0.36111111111111116
metadata:
  n_epochs: 119
  test:
    auc: 0.9431438127090301
    zo_loss: 0.2222222222222222
  val:
    auc: 0.9875555555555556
    zo_loss: 0.042857142857142816
model_name: JOPLEn
params:
  SquaredFNorm_lam: 0.008570353786981037
  cell_model: CellModel.constant
  loss_fn: LogisticLoss
  max_iters: 100000
  mu: 3.313532643480051
  n_cells: 32
  n_partitions: 164
  partitioner: LinearForestPartition
  random_state: 0
  verbose: false
test_score: 0.3700374249074224
train_time: 0.6314995288848877
val_score: 0.1309097198459391
