contains_categorical: postprocessed
dummy_loss: 13.730915576806535
dummy_metadata:
  auc: 0.5
  zo_loss: 0.38095238095238093
metadata:
  n_epochs: 877
  test:
    auc: 0.9711538461538461
    zo_loss: 0.04761904761904767
  val:
    auc: 1.0
    zo_loss: 0.0
model_name: JOPLEn
params:
  L1Norm_lam: 3.409081692949252e-05
  cell_model: CellModel.constant
  loss_fn: LogisticLoss
  max_iters: 100000
  mu: 4.696301190238428
  n_cells: 8
  n_partitions: 618
  partitioner: LinearForestPartition
  random_state: 0
  verbose: false
test_score: 0.3035502923037339
train_time: 2.588263750076294
val_score: 0.033087260879133856
