contains_categorical: postprocessed
dummy_loss: 12.191235705142565
dummy_metadata:
  auc: 0.5
  zo_loss: 0.3382352941176471
metadata:
  n_epochs: 112
  test:
    auc: 0.5990338164251208
    zo_loss: 0.32352941176470584
  val:
    auc: 0.7187654320987654
    zo_loss: 0.32592592592592595
model_name: JOPLEn
params:
  SquaredFNorm_lam: 0.01952701792943749
  SquaredLaplacian_lam: 8.824594825921012e-05
  SquaredLaplacian_laplacian_type: LaplacianType.LEFT_NORMALIZED
  SquaredLaplacian_sigma: 0.254898020731759
  cell_model: CellModel.linear
  loss_fn: LogisticLoss
  max_iters: 100000
  mu: 8.826344416325666
  n_cells: 2
  n_partitions: 91
  partitioner: GBPartition
  random_state: 0
  verbose: false
test_score: 0.6473168228631919
train_time: 0.4263343811035156
val_score: 0.5685432690218702
