contains_categorical: postprocessed
dummy_loss: 16.193525435690322
dummy_metadata:
  auc: 0.5
  zo_loss: 0.4492753623188406
metadata:
  n_epochs: 121
  test:
    auc: 0.9473684210526316
    zo_loss: 0.2028985507246377
  val:
    auc: 0.7572918884394294
    zo_loss: 0.28985507246376807
model_name: JOPLEn
params:
  Group21Norm_lam: 34.94816218387135
  cell_model: CellModel.linear
  loss_fn: LogisticLoss
  max_iters: 100000
  mu: 6.501060855998053
  n_cells: 5
  n_partitions: 1000
  partitioner: VPartition
  random_state: 0
  verbose: false
test_score: 0.4189096181691585
train_time: 0.7877402305603027
val_score: 0.5924069185097607
