contains_categorical: false
dummy_loss: 18.021826694558577
dummy_metadata:
  auc: 0.5
  zo_loss: 0.5
metadata:
  n_epochs: 167
  test:
    auc: 0.9979766252739225
    zo_loss: 0.021621621621621623
  val:
    auc: 0.99609589291592
    zo_loss: 0.02772143340094657
model_name: JOPLEn
params:
  SquaredFNorm_lam: 0.004891609160287333
  SquaredLaplacian_lam: 1.8907333046700997e-05
  SquaredLaplacian_laplacian_type: LaplacianType.NORMALIZED
  SquaredLaplacian_sigma: 0.004785751932426785
  cell_model: CellModel.constant
  loss_fn: LogisticLoss
  max_iters: 100000
  mu: 3.614233366621124
  n_cells: 16
  n_partitions: 479
  partitioner: LinearForestPartition
  random_state: 0
  verbose: false
test_score: 0.05985230047324531
train_time: 18.853179931640625
val_score: 0.07933028258139545
