contains_categorical: postprocessed
dummy_loss: 12.35782401912588
dummy_metadata:
  auc: 0.5
  zo_loss: 0.34285714285714286
metadata:
  n_epochs: 149
  test:
    auc: 0.9918478260869567
    zo_loss: 0.05714285714285716
  val:
    auc: 0.9732789855072463
    zo_loss: 0.1071428571428571
model_name: JOPLEn
params:
  Group21Norm_lam: 1000.0
  cell_model: CellModel.linear
  loss_fn: LogisticLoss
  max_iters: 100000
  mu: 1.0
  n_cells: 10
  n_partitions: 30
  partitioner: VPartition
  random_state: 0
  verbose: false
test_score: 0.12134728462581246
train_time: 0.4105856418609619
val_score: 0.19025781881830786
