contains_categorical: false
dummy_loss: 10.593236393474356
dummy_metadata:
  auc: 0.5
  zo_loss: 0.2939001848428835
metadata:
  n_epochs: 130
  test:
    auc: 0.9464256314004412
    zo_loss: 0.11090573012938998
  val:
    auc: 0.9424403917790888
    zo_loss: 0.1166666666666667
model_name: JOPLEn
params:
  GroupInf1Norm_lam: 0.0005561465505765053
  cell_model: CellModel.linear
  loss_fn: LogisticLoss
  max_iters: 100000
  mu: 7.578923480379948
  n_cells: 32
  n_partitions: 1000
  partitioner: RFPartition
  random_state: 0
  verbose: false
test_score: 0.28325049620316956
train_time: 10.575413227081299
val_score: 0.28284689529383117
