contains_categorical: postprocessed
dummy_loss: 15.44728002390735
dummy_metadata:
  auc: 0.5
  zo_loss: 0.4285714285714286
metadata:
  n_epochs: 116
  test:
    auc: 0.7916666666666667
    zo_loss: 0.2857142857142857
  val:
    auc: 0.7142857142857143
    zo_loss: 0.33333333333333337
model_name: JOPLEn
params:
  SquaredFNorm_lam: 0.0038736532316639657
  cell_model: CellModel.linear
  loss_fn: LogisticLoss
  max_iters: 100000
  mu: 1.0
  n_cells: 2
  n_partitions: 1000
  partitioner: VPartition
  random_state: 0
  verbose: false
test_score: 0.5021932415328837
train_time: 0.7369394302368164
val_score: 0.5891895215666584
