contains_categorical: postprocessed
dummy_loss: 13.216006242676288
dummy_metadata:
  auc: 0.5
  zo_loss: 0.3666666666666667
metadata:
  n_epochs: 240
  test:
    auc: 0.8564593301435406
    zo_loss: 0.1333333333333333
  val:
    auc: 0.7994987468671679
    zo_loss: 0.15254237288135597
model_name: JOPLEn
params:
  SquaredFNorm_lam: 333.0028843821967
  SquaredLaplacian_lam: 0.0020413270709446468
  SquaredLaplacian_laplacian_type: LaplacianType.STANDARD
  SquaredLaplacian_sigma: 1000.0
  cell_model: CellModel.linear
  loss_fn: LogisticLoss
  max_iters: 100000
  mu: 9.564784594672169
  n_cells: 2
  n_partitions: 17
  partitioner: RFPartition
  random_state: 0
  verbose: false
test_score: 0.4038826597683275
train_time: 0.7846336364746094
val_score: 0.4462540419280864
