contains_categorical: postprocessed
dummy_loss: 10.813096016735146
dummy_metadata:
  auc: 0.5
  zo_loss: 0.30000000000000004
metadata:
  test:
    auc: 0.9047619047619048
    zo_loss: 0.19999999999999996
  val:
    auc: 1.0
    zo_loss: 0.09999999999999998
model_name: ExtraTreesClassifier
params:
  criterion: log_loss
  max_depth: 5
  max_features: 1
  max_leaf_nodes: 16
  n_estimators: 10
  random_state: 0
test_score: 0.403746943683296
train_time: 0.0071713924407958984
val_score: 0.25380780585482415
