contains_categorical: postprocessed
dummy_loss: 1.7055356493273102
dummy_metadata:
  auc: 0.5
  zo_loss: 0.04731861198738174
metadata:
  n_epochs: 125
  test:
    auc: 0.979690949227373
    zo_loss: 0.03154574132492116
  val:
    auc: 0.972093023255814
    zo_loss: 0.02848101265822789
model_name: JOPLEn
params:
  Group21Norm_lam: 558.9466195280028
  cell_model: CellModel.linear
  loss_fn: LogisticLoss
  max_iters: 100000
  mu: 7.12900882486707
  n_cells: 13
  n_partitions: 1000
  partitioner: VPartition
  random_state: 0
  verbose: false
test_score: 0.08050323055211674
train_time: 2.091233968734741
val_score: 0.0820778405870335
