contains_categorical: postprocessed
dummy_loss: 10.813096016735146
dummy_metadata:
  auc: 0.5
  zo_loss: 0.30000000000000004
metadata:
  n_epochs: 811
  test:
    auc: 0.5752380952380952
    zo_loss: 0.30000000000000004
  val:
    auc: 0.6841666666666667
    zo_loss: 0.29500000000000004
model_name: JOPLEn
params:
  SquaredFNorm_lam: 0.1312349964908553
  cell_model: CellModel.constant
  loss_fn: LogisticLoss
  max_iters: 100000
  mu: 1.0e-05
  n_cells: 32
  n_partitions: 262
  partitioner: LinearForestPartition
  random_state: 0
  verbose: false
test_score: 0.630687671452971
train_time: 2.7758443355560303
val_score: 0.5663505319722963
