contains_categorical: postprocessed
dummy_loss: 12.014551129705717
dummy_metadata:
  auc: 0.5
  zo_loss: 0.33333333333333337
metadata:
  n_epochs: 106
  test:
    auc: 0.921875
    zo_loss: 0.16666666666666663
  val:
    auc: 0.9765625
    zo_loss: 0.16666666666666663
model_name: JOPLEn
params:
  Group21Norm_lam: 365.17959063660385
  cell_model: CellModel.linear
  loss_fn: LogisticLoss
  max_iters: 100000
  mu: 1.0
  n_cells: 13
  n_partitions: 310
  partitioner: VPartition
  random_state: 0
  verbose: false
test_score: 0.34686232081863594
train_time: 0.4332845211029053
val_score: 0.2591693273498628
