contains_categorical: postprocessed
dummy_loss: 11.15636890615531
dummy_metadata:
  auc: 0.5
  zo_loss: 0.30952380952380953
metadata:
  n_epochs: 111
  test:
    auc: 0.6668435013262599
    zo_loss: 0.24761904761904763
  val:
    auc: 0.6662345255344571
    zo_loss: 0.2928571428571428
model_name: JOPLEn
params:
  SquaredFNorm_lam: 1.0e-05
  cell_model: CellModel.constant
  loss_fn: LogisticLoss
  max_iters: 100000
  mu: 8.917833623128447
  n_cells: 32
  n_partitions: 10
  partitioner: RFPartition
  random_state: 0
  verbose: false
test_score: 0.5656412856432932
train_time: 0.316326379776001
val_score: 0.590395168665094
