contains_categorical: false
dummy_loss: 17.826996135698483
dummy_metadata:
  auc: 0.5
  zo_loss: 0.49459459459459465
metadata:
  n_epochs: 6124
  test:
    auc: 0.9937830571871074
    zo_loss: 0.03918918918918923
  val:
    auc: 0.993008463727405
    zo_loss: 0.04192021636240706
model_name: JOPLEn
params:
  Group21Norm_lam: 54.716808429180354
  cell_model: CellModel.linear
  loss_fn: LogisticLoss
  max_iters: 100000
  mu: 1.0e-05
  n_cells: 31
  n_partitions: 1000
  partitioner: RFPartition
  random_state: 0
  verbose: false
test_score: 0.10549989014307834
train_time: 290.74205207824707
val_score: 0.10966918970640065
