contains_categorical: postprocessed
dummy_loss: 16.19352543569032
dummy_metadata:
  auc: 0.5
  zo_loss: 0.4492753623188406
metadata:
  n_epochs: 216
  test:
    auc: 0.8981324278438031
    zo_loss: 0.18840579710144922
  val:
    auc: 0.8305301256120928
    zo_loss: 0.21739130434782605
model_name: JOPLEn
params:
  GroupInf1Norm_lam: 0.02992009464508197
  cell_model: CellModel.linear
  loss_fn: LogisticLoss
  max_iters: 100000
  mu: 10.0
  n_cells: 2
  n_partitions: 852
  partitioner: VPartition
  random_state: 0
  verbose: false
test_score: 0.38106206650526614
train_time: 0.9919841289520264
val_score: 0.49407587137518016
