contains_categorical: postprocessed
dummy_loss: 15.859207491211547
dummy_metadata:
  auc: 0.5
  zo_loss: 0.43999999999999995
metadata:
  n_epochs: 153
  test:
    auc: 0.7053571428571428
    zo_loss: 0.30000000000000004
  val:
    auc: 0.7495941558441559
    zo_loss: 0.29000000000000004
model_name: JOPLEn
params:
  Group21Norm_lam: 199.0441568398617
  cell_model: CellModel.linear
  loss_fn: LogisticLoss
  max_iters: 100000
  mu: 1.0
  n_cells: 2
  n_partitions: 10
  partitioner: VPartition
  random_state: 0
  verbose: false
test_score: 0.6227536588945454
train_time: 0.4343740940093994
val_score: 0.5773712052371067
