contains_categorical: false
dummy_loss: 16.019401506274292
dummy_metadata:
  auc: 0.5
  zo_loss: 0.4444444444444444
metadata:
  n_epochs: 106
  test:
    auc: 0.6
    zo_loss: 0.2222222222222222
  val:
    auc: 0.8636363636363636
    zo_loss: 0.2222222222222222
model_name: JOPLEn
params:
  SquaredFNorm_lam: 1.0e-05
  cell_model: CellModel.constant
  loss_fn: LogisticLoss
  max_iters: 100000
  mu: 0.49556198745245217
  n_cells: 2
  n_partitions: 59
  partitioner: LinearForestPartition
  random_state: 0
  verbose: false
test_score: 0.6150724715156448
train_time: 0.30299806594848633
val_score: 0.3941741017303467
