contains_categorical: false
dummy_loss: 10.593236393474356
dummy_metadata:
  auc: 0.5
  zo_loss: 0.2939001848428835
metadata:
  n_epochs: 243
  test:
    auc: 0.9352135401231518
    zo_loss: 0.12014787430683915
  val:
    auc: 0.9296277767901071
    zo_loss: 0.13055555555555554
model_name: JOPLEn
params:
  SquaredFNorm_lam: 1.0485760081178743
  cell_model: CellModel.linear
  loss_fn: LogisticLoss
  max_iters: 100000
  mu: 10.0
  n_cells: 15
  n_partitions: 1000
  partitioner: GBPartition
  random_state: 0
  verbose: false
test_score: 0.29515809364107437
train_time: 9.980994462966919
val_score: 0.31651568871386804
