contains_categorical: postprocessed
dummy_loss: 2.669900251045715
dummy_metadata:
  auc: 0.5
  zo_loss: 0.07407407407407407
metadata:
  n_epochs: 88
  test:
    auc: 0.98
    zo_loss: 0.03703703703703709
  val:
    auc: 1.0
    zo_loss: 0.0
model_name: JOPLEn
params:
  SquaredFNorm_lam: 0.0015097453249328374
  SquaredLaplacian_lam: 0.10971899213531829
  SquaredLaplacian_laplacian_type: LaplacianType.LEFT_NORMALIZED
  SquaredLaplacian_sigma: 0.001973542430775875
  cell_model: CellModel.linear
  loss_fn: LogisticLoss
  max_iters: 100000
  mu: 10.0
  n_cells: 18
  n_partitions: 180
  partitioner: RFPartition
  random_state: 0
  verbose: false
test_score: 0.5904588241600168
train_time: 0.41303014755249023
val_score: 1.192092966562092e-07
