contains_categorical: postprocessed
dummy_loss: 12.014551129705717
dummy_metadata:
  auc: 0.5
  zo_loss: 0.33333333333333337
metadata:
  test:
    auc: 0.75
    zo_loss: 0.33333333333333337
  val:
    auc: 0.546875
    zo_loss: 0.33333333333333337
model_name: LGBMClassifier
params:
  early_stopping_rounds: 51
  learning_rate: 0.40638789291154365
  n_estimators: 518
  num_leaves: 28
  objective: binary
  random_state: 0
  reg_alpha: 0.004624126039210292
  reg_lambda: 0.03150532523002288
  verbose: -1
test_score: 0.580814153024379
train_time: 0.009128093719482422
val_score: 0.6276503856365279
