contains_categorical: postprocessed
dummy_loss: 12.014551129705717
dummy_metadata:
  auc: 0.5
  zo_loss: 0.33333333333333337
metadata:
  n_epochs: 294
  test:
    auc: 0.921875
    zo_loss: 0.16666666666666663
  val:
    auc: 1.0
    zo_loss: 0.04166666666666663
model_name: JOPLEn
params:
  L1Norm_lam: 2.2479758233355757e-05
  cell_model: CellModel.constant
  loss_fn: LogisticLoss
  max_iters: 100000
  mu: 6.558364318138572
  n_cells: 15
  n_partitions: 471
  partitioner: VPartition
  random_state: 0
  verbose: false
test_score: 0.342717662813486
train_time: 0.9425325393676758
val_score: 0.14063326410686322
