contains_categorical: postprocessed
dummy_loss: 11.185961396622565
dummy_metadata:
  auc: 0.5
  zo_loss: 0.31034482758620685
metadata:
  n_epochs: 109
  test:
    auc: 0.3888888888888889
    zo_loss: 0.31034482758620685
  val:
    auc: 0.4885222381635581
    zo_loss: 0.2931034482758621
model_name: JOPLEn
params:
  SquaredFNorm_lam: 13.001065345213783
  SquaredLaplacian_lam: 0.028501813571466934
  SquaredLaplacian_laplacian_type: LaplacianType.STANDARD
  SquaredLaplacian_sigma: 30.289222847444357
  cell_model: CellModel.linear
  loss_fn: LogisticLoss
  max_iters: 100000
  mu: 4.813158180812476
  n_cells: 3
  n_partitions: 63
  partitioner: RFPartition
  random_state: 0
  verbose: false
test_score: 0.6172988724130964
train_time: 0.41550588607788086
val_score: 0.60096716623274
