contains_categorical: false
dummy_loss: 15.769098357738756
dummy_metadata:
  auc: 0.5
  zo_loss: 0.4375
metadata:
  n_epochs: 6978
  test:
    auc: 0.9964726631393299
    zo_loss: 0.0625
  val:
    auc: 0.9898589065255733
    zo_loss: 0.04166666666666663
model_name: JOPLEn
params:
  L1Norm_lam: 3.4638709695146844e-05
  cell_model: CellModel.constant
  loss_fn: LogisticLoss
  max_iters: 100000
  mu: 1.0e-05
  n_cells: 32
  n_partitions: 431
  partitioner: VPartition
  random_state: 0
  verbose: false
test_score: 0.10150327293763789
train_time: 18.867480993270874
val_score: 0.12994801468147169
