contains_categorical: postprocessed
dummy_loss: 18.021826694558577
dummy_metadata:
  auc: 0.5
  zo_loss: 0.5
metadata:
  n_epochs: 1464
  test:
    auc: 1.0
    zo_loss: 0.0
  val:
    auc: 1.0
    zo_loss: 0.0
model_name: JOPLEn
params:
  SquaredFNorm_lam: 5.6571675704859616e-05
  cell_model: CellModel.linear
  loss_fn: LogisticLoss
  max_iters: 100000
  mu: 9.135903733275855
  n_cells: 2
  n_partitions: 651
  partitioner: RFPartition
  random_state: 0
  verbose: false
test_score: 0.00094517193280679
train_time: 4.179978847503662
val_score: 4.1540367165205004e-05
