contains_categorical: postprocessed
dummy_loss: 5.118198781254636
dummy_metadata:
  auc: 0.5
  zo_loss: 0.14200000000000002
metadata:
  n_epochs: 127
  test:
    auc: 0.781657309826324
    zo_loss: 0.10799999999999998
  val:
    auc: 0.7983600324025855
    zo_loss: 0.10010010010010006
model_name: JOPLEn
params:
  SquaredFNorm_lam: 1.0e-05
  cell_model: CellModel.constant
  loss_fn: LogisticLoss
  max_iters: 100000
  mu: 6.61156064346181
  n_cells: 19
  n_partitions: 72
  partitioner: RFPartition
  random_state: 0
  verbose: false
test_score: 0.3097763461780641
train_time: 0.6830179691314697
val_score: 0.2940822552586818
