contains_categorical: postprocessed
dummy_loss: 16.019401506274292
dummy_metadata:
  auc: 0.5
  zo_loss: 0.4444444444444444
metadata:
  n_epochs: 173
  test:
    auc: 0.8
    zo_loss: 0.11111111111111116
  val:
    auc: 0.638888888888889
    zo_loss: 0.3529411764705882
model_name: JOPLEn
params:
  SquaredFNorm_lam: 776.5114781542935
  SquaredLaplacian_lam: 0.0009712869099674593
  SquaredLaplacian_laplacian_type: LaplacianType.LEFT_NORMALIZED
  SquaredLaplacian_sigma: 0.044296382958149666
  cell_model: CellModel.linear
  loss_fn: LogisticLoss
  max_iters: 100000
  mu: 4.334135580511465
  n_cells: 11
  n_partitions: 24
  partitioner: RFPartition
  random_state: 0
  verbose: false
test_score: 0.6284364768382606
train_time: 0.5695979595184326
val_score: 0.6695046792831735
