contains_categorical: postprocessed
dummy_loss: 13.730915576806535
dummy_metadata:
  auc: 0.5
  zo_loss: 0.38095238095238093
metadata:
  n_epochs: 131
  test:
    auc: 0.9519230769230769
    zo_loss: 0.1428571428571429
  val:
    auc: 0.980246913580247
    zo_loss: 0.11904761904761907
model_name: JOPLEn
params:
  GroupInf1Norm_lam: 2.234277863426731e-05
  cell_model: CellModel.linear
  loss_fn: LogisticLoss
  max_iters: 100000
  mu: 5.993657007719805
  n_cells: 4
  n_partitions: 1000
  partitioner: VPartition
  random_state: 0
  verbose: false
test_score: 0.28836442952483426
train_time: 0.8477983474731445
val_score: 0.19928407085472694
