contains_categorical: postprocessed
dummy_loss: 16.019401506274292
dummy_metadata:
  auc: 0.5
  zo_loss: 0.4444444444444444
metadata:
  n_epochs: 274
  test:
    auc: 0.7
    zo_loss: 0.5555555555555556
  val:
    auc: 0.7569444444444444
    zo_loss: 0.3529411764705882
model_name: JOPLEn
params:
  GroupInf1Norm_lam: 0.22820905029973867
  SquaredFNorm_lam: 0.1266934392820308
  cell_model: CellModel.linear
  loss_fn: LogisticLoss
  max_iters: 100000
  n_cells: 32
  n_partitions: 22
  partitioner: LinearForestPartition
  random_state: 0
  verbose: false
test_score: 0.6573080417506223
train_time: 0.9108607769012451
val_score: 0.6073297779240917
