contains_categorical: postprocessed
dummy_loss: 11.15636890615531
dummy_metadata:
  auc: 0.5
  zo_loss: 0.30952380952380953
metadata:
  n_epochs: 108
  test:
    auc: 0.6388859416445624
    zo_loss: 0.27142857142857146
  val:
    auc: 0.6413737003990951
    zo_loss: 0.27380952380952384
model_name: JOPLEn
params:
  SquaredFNorm_lam: 1.0e-05
  cell_model: CellModel.linear
  loss_fn: LogisticLoss
  max_iters: 100000
  mu: 1.0
  n_cells: 2
  n_partitions: 24
  partitioner: VPartition
  random_state: 0
  verbose: false
test_score: 0.5797934097023271
train_time: 0.43161630630493164
val_score: 0.5840052155865011
