contains_categorical: false
dummy_loss: 12.638683655924195
dummy_metadata:
  auc: 0.5
  zo_loss: 0.35064935064935066
metadata:
  n_epochs: 157
  test:
    auc: 0.8603703703703703
    zo_loss: 0.18181818181818177
  val:
    auc: 0.8096296296296296
    zo_loss: 0.24025974025974028
model_name: JOPLEn
params:
  SquaredFNorm_lam: 0.00693432127135119
  cell_model: CellModel.constant
  loss_fn: LogisticLoss
  max_iters: 100000
  mu: 4.523391845819625
  n_cells: 2
  n_partitions: 129
  partitioner: LinearForestPartition
  random_state: 0
  verbose: false
test_score: 0.4367639416658204
train_time: 0.5346965789794922
val_score: 0.5038119347221198
