contains_categorical: postprocessed
dummy_loss: 7.20873067782343
dummy_metadata:
  auc: 0.5
  zo_loss: 0.19999999999999996
metadata:
  test:
    auc: 1.0
    zo_loss: 0.19999999999999996
  val:
    auc: 0.9066666666666667
    zo_loss: 0.19999999999999996
model_name: ExtraTreesClassifier
params:
  criterion: log_loss
  max_depth: 5
  max_features: 1
  max_leaf_nodes: 23
  n_estimators: 74
  random_state: 0
test_score: 0.34826100548641215
train_time: 0.03677678108215332
val_score: 0.37345935331195007
