contains_categorical: postprocessed
dummy_loss: 16.01940150627429
dummy_metadata:
  auc: 0.5
  zo_loss: 0.4444444444444444
metadata:
  n_epochs: 104
  test:
    auc: 0.85
    zo_loss: 0.2222222222222222
  val:
    auc: 0.8708333333333333
    zo_loss: 0.2407407407407407
model_name: JOPLEn
params:
  L1Norm_lam: 1.0e-05
  cell_model: CellModel.constant
  loss_fn: LogisticLoss
  max_iters: 100000
  mu: 10.0
  n_cells: 17
  n_partitions: 10
  partitioner: VPartition
  random_state: 0
  verbose: false
test_score: 0.49675584835095843
train_time: 0.26595163345336914
val_score: 0.47159750652212284
