contains_categorical: postprocessed
dummy_loss: 13.01576372384786
dummy_metadata:
  auc: 0.5
  zo_loss: 0.36111111111111116
metadata:
  test:
    auc: 0.9565217391304347
    zo_loss: 0.13888888888888884
  val:
    auc: 0.9853333333333334
    zo_loss: 0.042857142857142816
model_name: RandomForestClassifier
params:
  ccp_alpha: 6.931706251352097e-05
  criterion: log_loss
  max_depth: 5
  max_leaf_nodes: 17
  n_estimators: 14
  n_jobs: -1
  random_state: 0
test_score: 0.3017736000483106
train_time: 0.05268454551696777
val_score: 0.1679193093603581
