contains_categorical: postprocessed
dummy_loss: 11.185961396622565
dummy_metadata:
  auc: 0.5
  zo_loss: 0.31034482758620685
metadata:
  n_epochs: 123
  test:
    auc: 0.5777777777777777
    zo_loss: 0.31034482758620685
  val:
    auc: 0.5810616929698709
    zo_loss: 0.2931034482758621
model_name: JOPLEn
params:
  Group21Norm_lam: 5.396643460021619
  cell_model: CellModel.linear
  loss_fn: LogisticLoss
  max_iters: 100000
  mu: 1.0
  n_cells: 2
  n_partitions: 504
  partitioner: VPartition
  random_state: 0
  verbose: false
test_score: 0.5993349366514396
train_time: 0.5545101165771484
val_score: 0.5959980177448719
