contains_categorical: postprocessed
dummy_loss: 16.19352543569032
dummy_metadata:
  auc: 0.5
  zo_loss: 0.4492753623188406
metadata:
  n_epochs: 124
  test:
    auc: 0.8293718166383701
    zo_loss: 0.23188405797101452
  val:
    auc: 0.8990845220353417
    zo_loss: 0.1159420289855072
model_name: JOPLEn
params:
  GroupInf1Norm_lam: 11.979667167903536
  cell_model: CellModel.linear
  loss_fn: LogisticLoss
  max_iters: 100000
  mu: 1.6321316316846577
  n_cells: 14
  n_partitions: 10
  partitioner: RFPartition
  random_state: 0
  verbose: false
test_score: 0.4974891496756526
train_time: 0.35509777069091797
val_score: 0.36020625373465937
