contains_categorical: postprocessed
dummy_loss: 2.669900251045715
dummy_metadata:
  auc: 0.5
  zo_loss: 0.07407407407407407
metadata:
  n_epochs: 196
  test:
    auc: 1.0
    zo_loss: 0.03703703703703709
  val:
    auc: 1.0
    zo_loss: 0.0
model_name: JOPLEn
params:
  L1Norm_lam: 1.0e-05
  cell_model: CellModel.constant
  loss_fn: LogisticLoss
  max_iters: 100000
  mu: 6.523394727511901
  n_cells: 15
  n_partitions: 551
  partitioner: VPartition
  random_state: 0
  verbose: false
test_score: 0.4394391616647384
train_time: 0.7979943752288818
val_score: 0.0009389817781834635
