contains_categorical: postprocessed
dummy_loss: 16.01940150627429
dummy_metadata:
  auc: 0.5
  zo_loss: 0.4444444444444444
metadata:
  test:
    auc: 0.8277777777777778
    zo_loss: 0.2222222222222222
  val:
    auc: 0.8236111111111112
    zo_loss: 0.2777777777777778
model_name: ExtraTreesClassifier
params:
  criterion: log_loss
  max_depth: 5
  max_features: 1
  max_leaf_nodes: 29
  n_estimators: 132
  random_state: 0
test_score: 0.5946046679068567
train_time: 0.0618748664855957
val_score: 0.5861998679532443
