contains_categorical: false
dummy_loss: 16.961719241937484
dummy_metadata:
  auc: 0.5
  zo_loss: 0.47058823529411764
metadata:
  n_epochs: 215
  test:
    auc: 1.0
    zo_loss: 0.11764705882352944
  val:
    auc: 0.8666666666666666
    zo_loss: 0.18181818181818177
model_name: JOPLEn
params:
  SquaredFNorm_lam: 1000.0
  SquaredLaplacian_lam: 8.890425251999495e-05
  SquaredLaplacian_laplacian_type: LaplacianType.LEFT_NORMALIZED
  SquaredLaplacian_sigma: 0.016762068520808474
  cell_model: CellModel.linear
  loss_fn: LogisticLoss
  max_iters: 100000
  mu: 4.490577736909379
  n_cells: 12
  n_partitions: 33
  partitioner: GBPartition
  random_state: 0
  verbose: false
test_score: 0.32192048468134693
train_time: 0.6915030479431152
val_score: 0.4666872899960866
