contains_categorical: postprocessed
dummy_loss: 13.63813912020649
dummy_metadata:
  auc: 0.5
  zo_loss: 0.3783783783783784
metadata:
  test:
    auc: 0.6770186335403727
    zo_loss: 0.3513513513513513
  val:
    auc: 0.7092198581560284
    zo_loss: 0.3513513513513513
model_name: ExtraTreesClassifier
params:
  criterion: log_loss
  max_depth: 5
  max_features: 1
  max_leaf_nodes: 31
  n_estimators: 149
  random_state: 0
test_score: 0.6237227050561674
train_time: 0.07170844078063965
val_score: 0.6103336130285042
