contains_categorical: postprocessed
dummy_loss: 2.1633525431921794
dummy_metadata:
  auc: 0.5
  zo_loss: 0.0600203458799593
metadata:
  n_epochs: 352
  test:
    auc: 0.6386106831022086
    zo_loss: 0.0600203458799593
  val:
    auc: 0.6427017066237002
    zo_loss: 0.05960264900662249
model_name: JOPLEn
params:
  SquaredFNorm_lam: 0.00011783766337909702
  cell_model: CellModel.constant
  loss_fn: LogisticLoss
  max_iters: 100000
  mu: 4.1629518935758165
  n_cells: 14
  n_partitions: 1000
  partitioner: GBPartition
  random_state: 0
  verbose: false
test_score: 0.2213884948013852
train_time: 15.218154430389404
val_score: 0.2180977028957047
