contains_categorical: false
dummy_loss: 9.301587971385072
dummy_metadata:
  auc: 0.5
  zo_loss: 0.25806451612903225
metadata:
  n_epochs: 181
  test:
    auc: 0.7934782608695652
    zo_loss: 0.25806451612903225
  val:
    auc: 0.7384510869565218
    zo_loss: 0.22580645161290325
model_name: JOPLEn
params:
  SquaredFNorm_lam: 1000.0
  cell_model: CellModel.linear
  loss_fn: LogisticLoss
  max_iters: 100000
  mu: 10.0
  n_cells: 15
  n_partitions: 1000
  partitioner: GBPartition
  random_state: 0
  verbose: false
test_score: 0.45014287685091137
train_time: 0.9343461990356445
val_score: 0.5267184717682677
