contains_categorical: false
dummy_loss: 18.74269976234092
dummy_metadata:
  auc: 0.5
  zo_loss: 0.52
metadata:
  n_epochs: 157
  test:
    auc: 0.9423076923076923
    zo_loss: 0.16000000000000003
  val:
    auc: 0.9616
    zo_loss: 0.09999999999999998
model_name: JOPLEn
params:
  Group21Norm_lam: 0.6964964318162378
  cell_model: CellModel.linear
  loss_fn: LogisticLoss
  max_iters: 100000
  mu: 4.262408600039317
  n_cells: 4
  n_partitions: 1000
  partitioner: RFPartition
  random_state: 0
  verbose: false
test_score: 0.5235876657310802
train_time: 1.1327147483825684
val_score: 0.2548034594007291
