contains_categorical: false
dummy_loss: 10.2981866826049
dummy_metadata:
  auc: 0.5
  zo_loss: 0.2857142857142857
metadata:
  n_epochs: 127
  test:
    auc: 0.888
    zo_loss: 0.19999999999999996
  val:
    auc: 0.9453044375644994
    zo_loss: 0.11428571428571432
model_name: JOPLEn
params:
  SquaredFNorm_lam: 0.0026885662324524807
  SquaredLaplacian_lam: 0.0001018184338631404
  SquaredLaplacian_laplacian_type: LaplacianType.LEFT_NORMALIZED
  SquaredLaplacian_sigma: 0.5303364437867092
  cell_model: CellModel.linear
  loss_fn: LogisticLoss
  max_iters: 100000
  mu: 8.31101076110964
  n_cells: 4
  n_partitions: 339
  partitioner: LinearForestPartition
  random_state: 0
  verbose: false
test_score: 0.4397538654576995
train_time: 0.8498296737670898
val_score: 0.2695029586245941
