contains_categorical: postprocessed
dummy_loss: 6.758185010459466
dummy_metadata:
  auc: 0.5
  zo_loss: 0.1875
metadata:
  n_epochs: 113
  test:
    auc: 0.5897435897435898
    zo_loss: 0.1875
  val:
    auc: 0.7866666666666666
    zo_loss: 0.19354838709677424
model_name: JOPLEn
params:
  SquaredFNorm_lam: 165.58049244071995
  cell_model: CellModel.linear
  loss_fn: LogisticLoss
  max_iters: 100000
  mu: 8.620428802081689
  n_cells: 30
  n_partitions: 1000
  partitioner: RFPartition
  random_state: 0
  verbose: false
test_score: 0.5087662521987374
train_time: 0.9788939952850342
val_score: 0.41786499287503404
