contains_categorical: postprocessed
dummy_loss: 16.277778949923878
dummy_metadata:
  auc: 0.5
  zo_loss: 0.4516129032258065
metadata:
  n_epochs: 8384
  test:
    auc: 0.796218487394958
    zo_loss: 0.25806451612903225
  val:
    auc: 0.8344155844155844
    zo_loss: 0.2622950819672131
model_name: JOPLEn
params:
  Group21Norm_lam: 4.974781871335844
  cell_model: CellModel.linear
  loss_fn: LogisticLoss
  max_iters: 100000
  mu: 1.0e-05
  n_cells: 5
  n_partitions: 10
  partitioner: RFPartition
  random_state: 0
  verbose: false
test_score: 0.5440053055171217
train_time: 29.522401332855225
val_score: 0.4959492662364074
