contains_categorical: false
dummy_loss: 17.506917360428332
dummy_metadata:
  auc: 0.5
  zo_loss: 0.48571428571428577
metadata:
  n_epochs: 29
  test:
    auc: 0.7581699346405228
    zo_loss: 0.2857142857142857
  val:
    auc: 0.5722689075630252
    zo_loss: 0.4492753623188406
model_name: JOPLEn
params:
  Group21Norm_lam: 1.0e-05
  cell_model: CellModel.linear
  loss_fn: LogisticLoss
  max_iters: 100000
  mu: 7.379178961606794
  n_cells: 2
  n_partitions: 139
  partitioner: RFPartition
  random_state: 0
  verbose: false
test_score: 0.6703668631449479
train_time: 0.19570589065551758
val_score: 0.6918030308018088
