contains_categorical: false
dummy_loss: 14.229815437785946
dummy_metadata:
  auc: 0.5
  zo_loss: 0.3947939262472885
metadata:
  n_epochs: 179
  test:
    auc: 0.9700263893812281
    zo_loss: 0.06724511930585686
  val:
    auc: 0.9842892928572843
    zo_loss: 0.046739130434782616
model_name: JOPLEn
params:
  SquaredFNorm_lam: 0.002367988326973046
  SquaredLaplacian_lam: 0.00011743704428837513
  SquaredLaplacian_laplacian_type: LaplacianType.LEFT_NORMALIZED
  SquaredLaplacian_sigma: 0.1830423856759108
  cell_model: CellModel.constant
  loss_fn: LogisticLoss
  max_iters: 100000
  mu: 9.677209033561248
  n_cells: 5
  n_partitions: 182
  partitioner: GBPartition
  random_state: 0
  verbose: false
test_score: 0.22528282026230337
train_time: 3.9628658294677734
val_score: 0.14570745966228593
