contains_categorical: false
dummy_loss: 17.506917360428332
dummy_metadata:
  auc: 0.5
  zo_loss: 0.48571428571428577
metadata:
  test:
    auc: 0.7565359477124183
    zo_loss: 0.2857142857142857
  val:
    auc: 0.5806722689075631
    zo_loss: 0.4347826086956522
model_name: RandomForestClassifier
params:
  ccp_alpha: 0.0001399733324792531
  criterion: log_loss
  max_depth: 1
  max_leaf_nodes: 25
  n_estimators: 110
  n_jobs: -1
  random_state: 0
test_score: 0.6208431710336288
train_time: 0.21390604972839355
val_score: 0.6869028610706078
