contains_categorical: false
dummy_loss: 12.638683655924195
dummy_metadata:
  auc: 0.5
  zo_loss: 0.35064935064935066
metadata:
  n_epochs: 111
  test:
    auc: 0.8681481481481481
    zo_loss: 0.16883116883116878
  val:
    auc: 0.8475925925925926
    zo_loss: 0.20779220779220775
model_name: JOPLEn
params:
  SquaredFNorm_lam: 1.4148605962168308
  SquaredLaplacian_lam: 0.00014093809932016
  SquaredLaplacian_laplacian_type: LaplacianType.LEFT_NORMALIZED
  SquaredLaplacian_sigma: 18.616485518498795
  cell_model: CellModel.linear
  loss_fn: LogisticLoss
  max_iters: 100000
  mu: 7.475685730813084
  n_cells: 2
  n_partitions: 107
  partitioner: LinearForestPartition
  random_state: 0
  verbose: false
test_score: 0.4401214120755107
train_time: 0.47169947624206543
val_score: 0.4565212354901666
