contains_categorical: false
dummy_loss: 16.961719241937484
dummy_metadata:
  auc: 0.5
  zo_loss: 0.47058823529411764
metadata:
  n_epochs: 260
  test:
    auc: 1.0
    zo_loss: 0.05882352941176472
  val:
    auc: 0.8629629629629629
    zo_loss: 0.21212121212121215
model_name: JOPLEn
params:
  L1Norm_lam: 0.01705844519194117
  cell_model: CellModel.constant
  loss_fn: LogisticLoss
  max_iters: 100000
  mu: 3.6687891738795217
  n_cells: 16
  n_partitions: 87
  partitioner: LinearForestPartition
  random_state: 0
  verbose: false
test_score: 0.1883401128223319
train_time: 0.702610969543457
val_score: 0.4511821180868815
