contains_categorical: postprocessed
dummy_loss: 16.01940150627429
dummy_metadata:
  auc: 0.5
  zo_loss: 0.4444444444444444
metadata:
  test:
    auc: 0.8277777777777777
    zo_loss: 0.2222222222222222
  val:
    auc: 0.8402777777777778
    zo_loss: 0.2222222222222222
model_name: RandomForestClassifier
params:
  ccp_alpha: 0.0003851541691029262
  criterion: log_loss
  max_depth: 5
  max_leaf_nodes: 21
  n_estimators: 25
  n_jobs: -1
  random_state: 0
test_score: 0.5374005211146177
train_time: 0.06158709526062012
val_score: 0.5283441250008024
