contains_categorical: postprocessed
dummy_loss: 6.007275564852859
dummy_metadata:
  auc: 0.5
  zo_loss: 0.16666666666666663
metadata:
  test:
    auc: 0.6000000000000001
    zo_loss: 0.16666666666666663
  val:
    auc: 0.6000000000000001
    zo_loss: 0.13888888888888884
model_name: XGBClassifier
params:
  early_stopping_rounds: 80
  learning_rate: 0.14804509495639306
  max_leaves: 28
  n_estimators: 40
  objective: reg:logistic
  random_state: 0
  reg_alpha: 0.00124117129191677
  reg_lambda: 3.716473617681601
  verbosity: 0
test_score: 0.45044369492711667
train_time: 0.2193307876586914
val_score: 0.3942078533887758
