contains_categorical: postprocessed
dummy_loss: 12.270179877146266
dummy_metadata:
  auc: 0.5
  zo_loss: 0.34042553191489366
metadata:
  n_epochs: 150
  test:
    auc: 0.7318548387096775
    zo_loss: 0.34042553191489366
  val:
    auc: 0.7735655737704918
    zo_loss: 0.27956989247311825
model_name: JOPLEn
params:
  GroupInf1Norm_lam: 1000.0
  cell_model: CellModel.linear
  loss_fn: LogisticLoss
  max_iters: 100000
  mu: 2.630946675664261
  n_cells: 2
  n_partitions: 1000
  partitioner: RFPartition
  random_state: 0
  verbose: false
test_score: 0.6039841372060689
train_time: 1.2804346084594727
val_score: 0.5473240171162089
