contains_categorical: false
dummy_loss: 18.021826694558577
dummy_metadata:
  auc: 0.5
  zo_loss: 0.5
metadata:
  n_epochs: 105
  test:
    auc: 0.6666666666666667
    zo_loss: 0.33333333333333337
  val:
    auc: 0.9
    zo_loss: 0.09090909090909094
model_name: JOPLEn
params:
  L1Norm_lam: 1.0e-05
  cell_model: CellModel.constant
  loss_fn: LogisticLoss
  max_iters: 100000
  mu: 4.952539655114758
  n_cells: 18
  n_partitions: 10
  partitioner: VPartition
  random_state: 0
  verbose: false
test_score: 0.8962067917257129
train_time: 0.33724021911621094
val_score: 0.25319892730211163
