contains_categorical: postprocessed
dummy_loss: 16.277778949923874
dummy_metadata:
  auc: 0.5
  zo_loss: 0.4516129032258065
metadata:
  n_epochs: 112
  test:
    auc: 0.7100840336134454
    zo_loss: 0.32258064516129037
  val:
    auc: 0.7781385281385281
    zo_loss: 0.2622950819672131
model_name: JOPLEn
params:
  SquaredFNorm_lam: 5.3358542397171025
  cell_model: CellModel.linear
  loss_fn: LogisticLoss
  max_iters: 100000
  mu: 7.424964626906072
  n_cells: 2
  n_partitions: 274
  partitioner: LinearForestPartition
  random_state: 0
  verbose: false
test_score: 0.6547864989554654
train_time: 0.474886417388916
val_score: 0.5660886921613328
