contains_categorical: false
dummy_loss: 21.626192033470293
dummy_metadata:
  auc: 0.5
  zo_loss: 0.6
metadata:
  n_epochs: 2649
  test:
    auc: 0.25
    zo_loss: 0.4
  val:
    auc: 0.9400000000000001
    zo_loss: 0.09999999999999998
model_name: JOPLEn
params:
  Group21Norm_lam: 13.544656565603116
  cell_model: CellModel.linear
  loss_fn: LogisticLoss
  max_iters: 100000
  mu: 6.824314532449852
  n_cells: 2
  n_partitions: 10
  partitioner: VPartition
  random_state: 0
  verbose: false
test_score: 1.074176725599093
train_time: 7.127610683441162
val_score: 0.2439465355826463
