contains_categorical: false
dummy_loss: 13.279240722306321
dummy_metadata:
  auc: 0.5
  zo_loss: 0.368421052631579
metadata:
  n_epochs: 190
  test:
    auc: 0.9986772486772486
    zo_loss: 0.01754385964912286
  val:
    auc: 0.9911562397641662
    zo_loss: 0.03508771929824561
model_name: JOPLEn
params:
  SquaredFNorm_lam: 2.5554265630037802
  cell_model: CellModel.linear
  loss_fn: LogisticLoss
  max_iters: 100000
  mu: 1.0
  n_cells: 2
  n_partitions: 1000
  partitioner: VPartition
  random_state: 0
  verbose: false
test_score: 0.06659783393221291
train_time: 1.008371114730835
val_score: 0.11930678043178491
