contains_categorical: false
dummy_loss: 12.655040825637897
dummy_metadata: {}
metadata:
  test: {}
  val: {}
model_name: MultiTaskTrees
params:
  alpha: 0.0007179799372867008
  batch_size: 64
  depth: 2
  epochs: 10000
  learning_rate: 1.8813865262753515
  loss_criteria: mse
  num_tasks: 1
  num_trees: 4
  power: 5.377615310477649e-05
test_score: 72.76795431976367
train_time: 2.3978729248046875
val_score: 70.76979263629603
