contains_categorical: false
dummy_loss: 18.021826694558577
dummy_metadata:
  auc: 0.5
  zo_loss: 0.5
metadata:
  n_epochs: 327
  test:
    auc: 0.6666666666666666
    zo_loss: 0.16666666666666663
  val:
    auc: 0.8333333333333334
    zo_loss: 0.09090909090909094
model_name: JOPLEn
params:
  GroupInf1Norm_lam: 38.56357691714155
  SquaredFNorm_lam: 1000.0
  cell_model: CellModel.linear
  loss_fn: LogisticLoss
  max_iters: 100000
  n_cells: 32
  n_partitions: 33
  partitioner: LinearForestPartition
  random_state: 0
  verbose: false
test_score: 0.6394206905187643
train_time: 1.0474607944488525
val_score: 0.3889361032539881
